pos.flee.migrate [0. 0. 0. 1. 1. 1. 2. 2. 2. 3. 3. 4. 4. 4. 5. 5. 5. 6. 6. 6.] [0. 0. 0. 1. 1. 1. 2. 2. 2. 3. 3. 4. 4. 4. 5. 5. 5. 6. 6. 6.] [0. 0. 0. 1. 1. 1. 2. 2. 2. 3. 3. 4. 4. 4. 5. 5. 5. 6. 6. 6.] [0. 0. 0. 1. 1. 1. 2. 2. 2. 3. 3. 4. 4. 4. 5. 5. 5. 6. 6. 6.] [0. 0. 0. 1. 1. 1. 2. 2. 2. 3. 3. 4. 4. 4. 5. 5. 5. 6. 6. 6.] [0. 0. 0. 1. 1. 1. 2. 2. 2. 3. 3. 4. 4. 4. 5. 5. 5. 6. 6. 6.] [0. 0. 0. 1. 1. 1. 2. 2. 2. 3. 3. 4. 4. 4. 5. 5. 5. 6. 6. 6.] [0. 0. 0. 1. 1. 1. 2. 2. 2. 3. 3. 4. 4. 4. 5. 5. 5. 6. 6. 6.] [0. 0. 0. 1. 1. 1. 2. 2. 2. 3. 3. 4. 4. 4. 5. 5. 5. 6. 6. 6.] [0. 0. 0. 1. 1. 1. 2. 2. 2. 3. 3. 4. 4. 4. 5. 5. 5. 6. 6. 6.] [0. 0. 0. 1. 1. 1. 2. 2. 2. 3. 3. 4. 4. 4. 5. 5. 5. 6. 6. 6.] [0. 0. 0. 1. 1. 1. 2. 2. 2. 3. 3. 4. 4. 4. 5. 5. 5. 6. 6. 6.] [0. 0. 0. 1. 1. 1. 2. 2. 2. 3. 3. 4. 4. 4. 5. 5. 5. 6. 6. 6.] [0. 0. 0. 1. 1. 1. 2. 2. 2. 3. 3. 4. 4. 4. 5. 5. 5. 6. 6. 6.] [0. 0. 0. 1. 1. 1. 2. 2. 2. 3. 3. 4. 4. 4. 5. 5. 5. 6. 6. 6.] [0. 0. 0. 1. 1. 1. 2. 2. 2. 3. 3. 4. 4. 4. 5. 5. 5. 6. 6. 6.] [0. 0. 0. 1. 1. 1. 2. 2. 2. 3. 3. 4. 4. 4. 5. 5. 5. 6. 6. 6.] [0. 0. 0. 1. 1. 1. 2. 2. 2. 3. 3. 4. 4. 4. 5. 5. 5. 6. 6. 6.] [0. 0. 0. 1. 1. 1. 2. 2. 2. 3. 3. 4. 4. 4. 5. 5. 5. 6. 6. 6.] [0. 0. 0. 1. 1. 1. 2. 2. 2. 3. 3. 4. 4. 4. 5. 5. 5. 6. 6. 6.] pos.CompareDryness [-5. -5. -5. -5. -5. -5. -5. -5. -5. -5. -5. -5. -5. -5. -5. -5. -5. -5.
 -5. -5.] [-5. -5. -5. -5. -5. -5. -5. -5. -5. -5. -5. -5. -5. -5. -5. -5. -5. -5.
 -5. -5.] [-4. -4. -4. -4. -4. -4. -4. -4. -4. -4. -4. -4. -4. -4. -4. -4. -4. -4.
 -4. -4.] [-4. -4. -4. -4. -4. -4. -4. -4. -4. -4. -4. -4. -4. -4. -4. -4. -4. -4.
 -4. -4.] [-3. -3. -3. -3. -3. -3. -3. -3. -3. -3. -3. -3. -3. -3. -3. -3. -3. -3.
 -3. -3.] [-3. -3. -3. -3. -3. -3. -3. -3. -3. -3. -3. -3. -3. -3. -3. -3. -3. -3.
 -3. -3.] [-2. -2. -2. -2. -2. -2. -2. -2. -2. -2. -2. -2. -2. -2. -2. -2. -2. -2.
 -2. -2.] [-1. -1. -1. -1. -1. -1. -1. -1. -1. -1. -1. -1. -1. -1. -1. -1. -1. -1.
 -1. -1.] [-1. -1. -1. -1. -1. -1. -1. -1. -1. -1. -1. -1. -1. -1. -1. -1. -1. -1.
 -1. -1.] [0. 0. 0. 0. 0. 0. 0. 0. 0. 0. 0. 0. 0. 0. 0. 0. 0. 0. 0. 0.] [0. 0. 0. 0. 0. 0. 0. 0. 0. 0. 0. 0. 0. 0. 0. 0. 0. 0. 0. 0.] [1. 1. 1. 1. 1. 1. 1. 1. 1. 1. 1. 1. 1. 1. 1. 1. 1. 1. 1. 1.] [1. 1. 1. 1. 1. 1. 1. 1. 1. 1. 1. 1. 1. 1. 1. 1. 1. 1. 1. 1.] [2. 2. 2. 2. 2. 2. 2. 2. 2. 2. 2. 2. 2. 2. 2. 2. 2. 2. 2. 2.] [3. 3. 3. 3. 3. 3. 3. 3. 3. 3. 3. 3. 3. 3. 3. 3. 3. 3. 3. 3.] [3. 3. 3. 3. 3. 3. 3. 3. 3. 3. 3. 3. 3. 3. 3. 3. 3. 3. 3. 3.] [4. 4. 4. 4. 4. 4. 4. 4. 4. 4. 4. 4. 4. 4. 4. 4. 4. 4. 4. 4.] [4. 4. 4. 4. 4. 4. 4. 4. 4. 4. 4. 4. 4. 4. 4. 4. 4. 4. 4. 4.] [5. 5. 5. 5. 5. 5. 5. 5. 5. 5. 5. 5. 5. 5. 5. 5. 5. 5. 5. 5.] [5. 5. 5. 5. 5. 5. 5. 5. 5. 5. 5. 5. 5. 5. 5. 5. 5. 5. 5. 5.] Cost [1447.3705462  1447.3705462  1445.51169935 1440.0216374  1437.17281789
 1439.30143    1440.9170855  1449.25653155 1435.42375647 1421.22716461
 1416.98130189 1429.41699273 1430.45229146 1430.37631812 1430.37631812
 1430.37631812 1430.37631812 1430.37631812 1430.37631812 1430.37631812] [1447.3705462  1447.3705462  1445.51169935 1440.0216374  1437.17281789
 1439.30143    1440.9170855  1449.25653155 1435.42375647 1421.22716461
 1416.98130189 1429.41699273 1430.45229146 1430.37631812 1430.37631812
 1430.37631812 1430.37631812 1430.37631812 1430.37631812 1430.37631812] [1447.37200141 1447.37200141 1445.51313986 1440.02307791 1437.17281789
 1439.30143    1440.9170855  1449.25653155 1435.42375647 1421.22716461
 1416.98130189 1429.41699273 1430.45229146 1430.37631812 1430.37631812
 1430.37631812 1430.37631812 1430.37631812 1430.37631812 1430.37631812] [1447.37737938 1447.37737938 1445.51987997 1440.03008947 1437.15825751
 1439.29560818 1440.91126368 1449.39111835 1435.55834327 1421.35510972
 1417.109247   1429.54493784 1430.36547052 1430.28949718 1430.28949718
 1430.28949718 1430.28949718 1430.28949718 1430.28949718 1430.28949718] [1448.90530353 1448.90530353 1447.11386344 1441.70177448 1438.9174746
 1439.03768323 1441.19578501 1449.59443387 1435.76405531 1421.64631195
 1417.40044923 1428.92814012 1429.80024526 1429.72427191 1429.72427191
 1429.72427191 1429.72427191 1429.72427191 1429.72427191 1429.72427191] [1462.94160356 1462.94160356 1461.06294288 1455.01371275 1451.97876094
 1452.69468917 1454.81658539 1459.36275119 1445.27872766 1429.2223759
 1424.265099   1435.78985478 1437.27281739 1437.19684404 1437.19684404
 1437.19684404 1437.19684404 1437.19684404 1437.19684404 1437.19684404] [1485.78588348 1485.78588348 1485.82773223 1488.94302775 1486.65685042
 1486.14773167 1488.09528445 1488.19256073 1467.88597576 1449.27983983
 1444.25556473 1455.61093916 1457.08578364 1457.0822964  1457.0822964
 1457.0822964  1457.0822964  1457.0822964  1457.0822964  1457.0822964 ] [1494.36042138 1494.36042138 1494.99990517 1499.02310011 1497.02046596
 1495.01817194 1496.94503928 1497.32657989 1477.04640542 1458.83791924
 1452.9194087  1464.31191157 1465.87655029 1465.87306215 1465.87306215
 1465.87306215 1465.87306215 1465.87306215 1465.87306215 1465.87306215] [1497.54250218 1497.54250218 1490.40723675 1486.70164781 1483.90889581
 1483.91573157 1486.00360881 1490.57775182 1472.47947259 1451.5963792
 1446.04449265 1457.50836    1459.15503026 1459.15398009 1459.15398009
 1459.15398009 1459.15398009 1459.15398009 1459.15398009 1459.15398009] [1495.56244417 1495.56244417 1485.94416736 1478.88275379 1474.22950258
 1476.07473806 1477.82019097 1482.76330603 1466.09320106 1445.10711133
 1441.20702935 1452.97092854 1454.9306977  1455.33747755 1455.33747755
 1455.33747755 1455.33747755 1455.33747755 1455.33747755 1455.33747755] [1514.20154066 1514.20154066 1494.37834874 1490.39523875 1482.2472276
 1482.82386428 1483.35324712 1490.85793813 1473.44237893 1457.72110807
 1455.25618707 1462.61341621 1458.47208482 1458.87717058 1458.87717058
 1458.87717058 1458.87717058 1457.12094382 1457.12094382 1457.12094382] [1541.17893136 1541.17893136 1507.73666998 1505.72272035 1490.97657091
 1492.16529927 1493.43542085 1501.55549932 1490.17598916 1477.34167257
 1473.52168693 1479.62390394 1475.55221793 1475.80082808 1475.80082808
 1475.80082808 1475.80082808 1473.94126789 1473.94126789 1473.94126789] [1545.84469691 1545.84469691 1513.2542649  1508.12007346 1492.06166382
 1492.7264318  1493.62353315 1501.32288116 1494.52250839 1480.39400944
 1474.73627897 1481.37250917 1476.97980553 1477.22841569 1477.22841569
 1477.22841569 1477.22841569 1475.36885549 1475.36885549 1475.36885549] [1552.60687049 1552.60687049 1519.44095525 1514.36442362 1498.12530005
 1497.99974734 1497.02624263 1505.04632155 1498.28200192 1484.61321404
 1478.94241833 1485.80265727 1481.40408259 1481.63469231 1481.63469231
 1481.63469231 1481.63469231 1479.77513212 1479.77513212 1479.77513212] [1551.53104447 1551.53104447 1520.1407882  1516.73169279 1498.81051378
 1499.96491568 1498.50076426 1507.02200888 1502.9178339  1489.20450883
 1483.53371313 1490.39395206 1486.00331399 1486.23392371 1486.23392371
 1486.23392371 1486.23392371 1484.37436351 1484.37436351 1484.37436351] [1539.31571281 1539.31571281 1507.45466395 1500.82442745 1481.23362081
 1482.74947284 1482.66510041 1492.45515189 1489.13695215 1476.3431818
 1472.10412884 1479.49887832 1475.07430834 1475.30491806 1475.30491806
 1475.30491806 1475.30491806 1473.44535786 1473.44535786 1473.44535786] [1540.56876004 1540.56876004 1508.77842779 1502.14430217 1483.402212
 1484.91449277 1484.85388045 1493.10652005 1489.78832031 1476.99454995
 1472.75549699 1480.15024647 1475.7256765  1475.95628621 1475.95628621
 1475.95628621 1475.95628621 1474.09672602 1474.09672602 1474.09672602] [1541.32755462 1541.32755462 1515.55148593 1510.39146447 1492.91206952
 1494.41825115 1494.36645368 1502.64210638 1499.32390664 1486.53013628
 1482.29108333 1489.22109199 1484.74873837 1484.97934808 1484.97934808
 1484.97934808 1484.97934808 1483.11978789 1483.11978789 1483.11978789] [1540.77626927 1540.77626927 1515.21244429 1510.7452594  1495.3179627
 1496.85902315 1496.81126014 1503.32760051 1500.00940076 1487.21563041
 1482.97657745 1489.87342465 1485.37590243 1485.60651215 1485.60651215
 1485.60651215 1485.60651215 1483.74695195 1483.74695195 1483.74695195] [1540.76930012 1540.76930012 1515.20547514 1510.73829025 1495.31099355
 1496.85205401 1496.81894034 1503.3352807  1500.01708096 1487.2233106
 1482.98425765 1489.88110484 1485.38358263 1485.61419234 1485.61419234
 1485.61419234 1485.61419234 1483.75463215 1483.75463215 1483.75463215]