pos.CompareQuality [-7. -6. -5. -4. -2. -1.  0.  2.  3.  4.  6.  7.  8. 10. 11. 12. 14. 15.
 16. 17.] [-7. -6. -5. -4. -2. -1.  0.  2.  3.  4.  6.  7.  8. 10. 11. 12. 14. 15.
 16. 17.] [-7. -6. -5. -4. -2. -1.  0.  2.  3.  4.  6.  7.  8. 10. 11. 12. 14. 15.
 16. 17.] [-7. -6. -5. -4. -2. -1.  0.  2.  3.  4.  6.  7.  8. 10. 11. 12. 14. 15.
 16. 17.] [-7. -6. -5. -4. -2. -1.  0.  2.  3.  4.  6.  7.  8. 10. 11. 12. 14. 15.
 16. 17.] [-7. -6. -5. -4. -2. -1.  0.  2.  3.  4.  6.  7.  8. 10. 11. 12. 14. 15.
 16. 17.] [-7. -6. -5. -4. -2. -1.  0.  2.  3.  4.  6.  7.  8. 10. 11. 12. 14. 15.
 16. 17.] [-7. -6. -5. -4. -2. -1.  0.  2.  3.  4.  6.  7.  8. 10. 11. 12. 14. 15.
 16. 17.] [-7. -6. -5. -4. -2. -1.  0.  2.  3.  4.  6.  7.  8. 10. 11. 12. 14. 15.
 16. 17.] [-7. -6. -5. -4. -2. -1.  0.  2.  3.  4.  6.  7.  8. 10. 11. 12. 14. 15.
 16. 17.] [-7. -6. -5. -4. -2. -1.  0.  2.  3.  4.  6.  7.  8. 10. 11. 12. 14. 15.
 16. 17.] [-7. -6. -5. -4. -2. -1.  0.  2.  3.  4.  6.  7.  8. 10. 11. 12. 14. 15.
 16. 17.] [-7. -6. -5. -4. -2. -1.  0.  2.  3.  4.  6.  7.  8. 10. 11. 12. 14. 15.
 16. 17.] [-7. -6. -5. -4. -2. -1.  0.  2.  3.  4.  6.  7.  8. 10. 11. 12. 14. 15.
 16. 17.] [-7. -6. -5. -4. -2. -1.  0.  2.  3.  4.  6.  7.  8. 10. 11. 12. 14. 15.
 16. 17.] [-7. -6. -5. -4. -2. -1.  0.  2.  3.  4.  6.  7.  8. 10. 11. 12. 14. 15.
 16. 17.] [-7. -6. -5. -4. -2. -1.  0.  2.  3.  4.  6.  7.  8. 10. 11. 12. 14. 15.
 16. 17.] [-7. -6. -5. -4. -2. -1.  0.  2.  3.  4.  6.  7.  8. 10. 11. 12. 14. 15.
 16. 17.] [-7. -6. -5. -4. -2. -1.  0.  2.  3.  4.  6.  7.  8. 10. 11. 12. 14. 15.
 16. 17.] [-7. -6. -5. -4. -2. -1.  0.  2.  3.  4.  6.  7.  8. 10. 11. 12. 14. 15.
 16. 17.] pos.CompareDryness [-5. -5. -5. -5. -5. -5. -5. -5. -5. -5. -5. -5. -5. -5. -5. -5. -5. -5.
 -5. -5.] [-5. -5. -5. -5. -5. -5. -5. -5. -5. -5. -5. -5. -5. -5. -5. -5. -5. -5.
 -5. -5.] [-4. -4. -4. -4. -4. -4. -4. -4. -4. -4. -4. -4. -4. -4. -4. -4. -4. -4.
 -4. -4.] [-4. -4. -4. -4. -4. -4. -4. -4. -4. -4. -4. -4. -4. -4. -4. -4. -4. -4.
 -4. -4.] [-3. -3. -3. -3. -3. -3. -3. -3. -3. -3. -3. -3. -3. -3. -3. -3. -3. -3.
 -3. -3.] [-3. -3. -3. -3. -3. -3. -3. -3. -3. -3. -3. -3. -3. -3. -3. -3. -3. -3.
 -3. -3.] [-2. -2. -2. -2. -2. -2. -2. -2. -2. -2. -2. -2. -2. -2. -2. -2. -2. -2.
 -2. -2.] [-1. -1. -1. -1. -1. -1. -1. -1. -1. -1. -1. -1. -1. -1. -1. -1. -1. -1.
 -1. -1.] [-1. -1. -1. -1. -1. -1. -1. -1. -1. -1. -1. -1. -1. -1. -1. -1. -1. -1.
 -1. -1.] [0. 0. 0. 0. 0. 0. 0. 0. 0. 0. 0. 0. 0. 0. 0. 0. 0. 0. 0. 0.] [0. 0. 0. 0. 0. 0. 0. 0. 0. 0. 0. 0. 0. 0. 0. 0. 0. 0. 0. 0.] [1. 1. 1. 1. 1. 1. 1. 1. 1. 1. 1. 1. 1. 1. 1. 1. 1. 1. 1. 1.] [1. 1. 1. 1. 1. 1. 1. 1. 1. 1. 1. 1. 1. 1. 1. 1. 1. 1. 1. 1.] [2. 2. 2. 2. 2. 2. 2. 2. 2. 2. 2. 2. 2. 2. 2. 2. 2. 2. 2. 2.] [3. 3. 3. 3. 3. 3. 3. 3. 3. 3. 3. 3. 3. 3. 3. 3. 3. 3. 3. 3.] [3. 3. 3. 3. 3. 3. 3. 3. 3. 3. 3. 3. 3. 3. 3. 3. 3. 3. 3. 3.] [4. 4. 4. 4. 4. 4. 4. 4. 4. 4. 4. 4. 4. 4. 4. 4. 4. 4. 4. 4.] [4. 4. 4. 4. 4. 4. 4. 4. 4. 4. 4. 4. 4. 4. 4. 4. 4. 4. 4. 4.] [5. 5. 5. 5. 5. 5. 5. 5. 5. 5. 5. 5. 5. 5. 5. 5. 5. 5. 5. 5.] [5. 5. 5. 5. 5. 5. 5. 5. 5. 5. 5. 5. 5. 5. 5. 5. 5. 5. 5. 5.] Cost [1642.05860289 1631.91681849 1571.91638818 1526.17841449 1462.94383505
 1373.695731   1380.39367539 1383.79480485 1387.1021133  1384.6143223
 1385.28216308 1383.13734774 1387.06369636 1391.16129415 1393.56800718
 1394.08717839 1397.54627762 1400.23299882 1400.23299882 1400.23299882] [1642.05860289 1631.91681849 1571.91638818 1526.17841449 1462.94383505
 1373.695731   1380.39367539 1383.79480485 1387.1021133  1384.6143223
 1385.28216308 1383.13734774 1387.06369636 1391.16129415 1393.56800718
 1394.08717839 1397.54627762 1400.23299882 1400.23299882 1400.23299882] [1642.05860289 1631.91681849 1571.91638818 1526.17841449 1462.94383505
 1373.695731   1380.39367539 1383.79483201 1387.10579716 1384.6143223
 1385.28216308 1383.13734774 1387.06369636 1391.16129415 1393.56800718
 1394.08717839 1397.54627762 1400.23299882 1400.23299882 1400.23299882] [1642.05860289 1631.91681849 1571.91638818 1526.17841449 1462.94383505
 1373.695731   1380.39367539 1382.57545688 1386.30602543 1384.73899784
 1385.40683862 1383.26202328 1387.1883719  1391.2859697  1393.69268273
 1394.21185393 1397.67095317 1400.35767436 1400.35767436 1400.35767436] [1644.65838786 1634.51660346 1574.51617315 1528.6907126  1465.45613315
 1373.847052   1380.63391142 1382.86725277 1386.27227176 1387.58652956
 1389.62291238 1380.95348353 1384.91103539 1390.72192275 1391.44413354
 1391.92883344 1395.3897427  1398.0764639  1398.0764639  1398.0764639 ] [1682.15775826 1672.01597386 1612.8126114  1569.50298276 1485.0960787
 1380.94491897 1367.14044799 1384.4914152  1388.4817334  1390.23645548
 1392.13195448 1383.01544465 1386.98125638 1392.79895225 1393.02486244
 1393.50956235 1396.97047161 1399.65719281 1399.65719281 1399.65719281] [1800.32110929 1790.17932489 1730.35952859 1686.57814007 1544.43437285
 1391.76261306 1332.43011079 1385.01161002 1390.20308703 1392.12870745
 1394.05973855 1383.28837447 1387.31656303 1393.14663808 1393.37254827
 1393.84912168 1397.29935394 1399.98607513 1399.98607513 1399.98607513] [1843.24830041 1821.81484706 1762.14327554 1724.2662713  1551.82512982
 1401.97546782 1337.58281808 1386.45248202 1391.05722773 1393.10076346
 1395.57689092 1384.91905819 1389.29781063 1395.14652102 1394.9298253
 1395.68556547 1399.13579773 1401.82251893 1401.82251893 1401.82251893] [1856.28561997 1836.65154122 1784.2365909  1746.3700565  1547.74911056
 1402.24187369 1325.32600652 1376.55497983 1374.15981523 1376.44783992
 1385.33306351 1368.22429598 1372.3783564  1378.88512312 1379.01678712
 1379.4335785  1386.23978269 1388.92650389 1388.92650389 1388.92650389] [1804.23445519 1793.43744507 1745.98372869 1712.89547901 1531.8623741
 1435.42583109 1375.01814552 1377.59179506 1374.07151037 1375.6582276
 1384.78087725 1367.95115118 1372.00513242 1376.48181013 1376.38285924
 1377.10383764 1384.54218526 1387.22990322 1387.22990322 1387.22990322] [1794.2248285  1783.42781837 1759.75347059 1743.42393554 1560.53720506
 1508.96488591 1391.0118906  1386.54270974 1374.31422383 1375.84981965
 1385.18081176 1368.32365883 1372.45803919 1376.16508182 1375.97990531
 1376.72697133 1384.2529109  1386.94062886 1386.94062886 1386.94062886] [1774.35108085 1763.55407073 1762.63148237 1746.3998552  1648.54339569
 1602.21572446 1436.61415247 1411.06277391 1384.29591053 1385.94775273
 1393.03944021 1376.24163182 1380.52235847 1385.18408515 1384.81197414
 1385.70370676 1392.93918081 1395.63341339 1395.63341339 1395.63341339] [1780.1445914  1769.34758128 1768.42499292 1750.78631346 1659.71448568
 1618.09754554 1461.61749442 1433.19302905 1388.27571959 1383.1993843
 1390.37751051 1372.03836153 1375.092659   1379.66175402 1380.19075952
 1381.48959493 1386.83141934 1389.56473629 1388.85048959 1389.02984507] [1780.1445914  1769.34758128 1768.42499292 1750.78631346 1658.54043981
 1618.26030611 1467.61550084 1447.82943252 1400.59750487 1389.89959166
 1390.19340753 1378.85656134 1382.06389235 1386.84063142 1387.02492612
 1389.0486857  1390.27786285 1393.0110027  1392.296756   1392.47611148] [1778.24513782 1767.4481277  1766.52553935 1748.6468748  1654.91086587
 1611.36084387 1469.65531465 1485.60500008 1405.64633258 1393.32287838
 1386.99794378 1382.67179513 1384.94161466 1386.91866312 1396.73746626
 1396.59951394 1393.83360822 1396.5627103  1395.8484636  1395.8484636 ] [1672.81746059 1673.89100936 1664.8321118  1663.66872043 1644.2416694
 1604.46842847 1485.50244886 1503.28551983 1414.42036362 1404.07960013
 1398.22092291 1393.73757678 1396.22936249 1394.79452562 1405.22778746
 1404.60735375 1402.86262433 1404.73778021 1404.02353351 1404.02353351] [1672.81746059 1673.89100936 1664.8321118  1663.66872043 1644.2416694
 1604.46842847 1485.50244886 1500.30344187 1411.96490678 1402.96745964
 1399.67270879 1395.51625138 1397.74785863 1395.23491741 1407.88350424
 1407.42020843 1406.07354105 1407.86313029 1407.14888359 1407.14888359] [1672.81746059 1673.89100936 1664.8321118  1663.66872043 1644.2416694
 1604.46842847 1485.50244886 1531.85750105 1420.40175488 1412.27678935
 1416.28223759 1411.54310123 1412.35691197 1407.60818355 1416.44426214
 1416.6997139  1417.26479962 1418.01158419 1417.90429551 1417.90429551] [1672.81746059 1673.89100936 1664.8321118  1663.66872043 1644.2416694
 1604.46842847 1485.50244886 1531.89151207 1421.9446831  1415.93677658
 1418.64878992 1413.07124845 1413.94381253 1408.38622327 1416.99716911
 1417.10047647 1417.85701204 1418.85446546 1418.74717679 1418.74717679] [1672.81746059 1673.89100936 1664.8321118  1663.66872043 1644.2416694
 1604.46842847 1485.50244886 1531.89151207 1421.99823059 1415.99032407
 1418.62624831 1413.04870683 1413.92127091 1408.36368165 1416.99716911
 1417.10047647 1417.85701204 1418.85446546 1418.74717679 1418.74717679]