pos.CompareYield [-3. -3. -3. -2. -2. -1. -1.  0.  0.  1.  1.  2.  2.  3.  3.  4.  4.  5.
  5.  5.] [-3. -3. -3. -2. -2. -1. -1.  0.  0.  1.  1.  2.  2.  3.  3.  4.  4.  5.
  5.  5.] [-3. -3. -3. -2. -2. -1. -1.  0.  0.  1.  1.  2.  2.  3.  3.  4.  4.  5.
  5.  5.] [-3. -3. -3. -2. -2. -1. -1.  0.  0.  1.  1.  2.  2.  3.  3.  4.  4.  5.
  5.  5.] [-3. -3. -3. -2. -2. -1. -1.  0.  0.  1.  1.  2.  2.  3.  3.  4.  4.  5.
  5.  5.] [-3. -3. -3. -2. -2. -1. -1.  0.  0.  1.  1.  2.  2.  3.  3.  4.  4.  5.
  5.  5.] [-3. -3. -3. -2. -2. -1. -1.  0.  0.  1.  1.  2.  2.  3.  3.  4.  4.  5.
  5.  5.] [-3. -3. -3. -2. -2. -1. -1.  0.  0.  1.  1.  2.  2.  3.  3.  4.  4.  5.
  5.  5.] [-3. -3. -3. -2. -2. -1. -1.  0.  0.  1.  1.  2.  2.  3.  3.  4.  4.  5.
  5.  5.] [-3. -3. -3. -2. -2. -1. -1.  0.  0.  1.  1.  2.  2.  3.  3.  4.  4.  5.
  5.  5.] [-3. -3. -3. -2. -2. -1. -1.  0.  0.  1.  1.  2.  2.  3.  3.  4.  4.  5.
  5.  5.] [-3. -3. -3. -2. -2. -1. -1.  0.  0.  1.  1.  2.  2.  3.  3.  4.  4.  5.
  5.  5.] [-3. -3. -3. -2. -2. -1. -1.  0.  0.  1.  1.  2.  2.  3.  3.  4.  4.  5.
  5.  5.] [-3. -3. -3. -2. -2. -1. -1.  0.  0.  1.  1.  2.  2.  3.  3.  4.  4.  5.
  5.  5.] [-3. -3. -3. -2. -2. -1. -1.  0.  0.  1.  1.  2.  2.  3.  3.  4.  4.  5.
  5.  5.] [-3. -3. -3. -2. -2. -1. -1.  0.  0.  1.  1.  2.  2.  3.  3.  4.  4.  5.
  5.  5.] [-3. -3. -3. -2. -2. -1. -1.  0.  0.  1.  1.  2.  2.  3.  3.  4.  4.  5.
  5.  5.] [-3. -3. -3. -2. -2. -1. -1.  0.  0.  1.  1.  2.  2.  3.  3.  4.  4.  5.
  5.  5.] [-3. -3. -3. -2. -2. -1. -1.  0.  0.  1.  1.  2.  2.  3.  3.  4.  4.  5.
  5.  5.] [-3. -3. -3. -2. -2. -1. -1.  0.  0.  1.  1.  2.  2.  3.  3.  4.  4.  5.
  5.  5.] pos.CompareDryness [-5. -5. -5. -5. -5. -5. -5. -5. -5. -5. -5. -5. -5. -5. -5. -5. -5. -5.
 -5. -5.] [-5. -5. -5. -5. -5. -5. -5. -5. -5. -5. -5. -5. -5. -5. -5. -5. -5. -5.
 -5. -5.] [-4. -4. -4. -4. -4. -4. -4. -4. -4. -4. -4. -4. -4. -4. -4. -4. -4. -4.
 -4. -4.] [-4. -4. -4. -4. -4. -4. -4. -4. -4. -4. -4. -4. -4. -4. -4. -4. -4. -4.
 -4. -4.] [-3. -3. -3. -3. -3. -3. -3. -3. -3. -3. -3. -3. -3. -3. -3. -3. -3. -3.
 -3. -3.] [-3. -3. -3. -3. -3. -3. -3. -3. -3. -3. -3. -3. -3. -3. -3. -3. -3. -3.
 -3. -3.] [-2. -2. -2. -2. -2. -2. -2. -2. -2. -2. -2. -2. -2. -2. -2. -2. -2. -2.
 -2. -2.] [-1. -1. -1. -1. -1. -1. -1. -1. -1. -1. -1. -1. -1. -1. -1. -1. -1. -1.
 -1. -1.] [-1. -1. -1. -1. -1. -1. -1. -1. -1. -1. -1. -1. -1. -1. -1. -1. -1. -1.
 -1. -1.] [0. 0. 0. 0. 0. 0. 0. 0. 0. 0. 0. 0. 0. 0. 0. 0. 0. 0. 0. 0.] [0. 0. 0. 0. 0. 0. 0. 0. 0. 0. 0. 0. 0. 0. 0. 0. 0. 0. 0. 0.] [1. 1. 1. 1. 1. 1. 1. 1. 1. 1. 1. 1. 1. 1. 1. 1. 1. 1. 1. 1.] [1. 1. 1. 1. 1. 1. 1. 1. 1. 1. 1. 1. 1. 1. 1. 1. 1. 1. 1. 1.] [2. 2. 2. 2. 2. 2. 2. 2. 2. 2. 2. 2. 2. 2. 2. 2. 2. 2. 2. 2.] [3. 3. 3. 3. 3. 3. 3. 3. 3. 3. 3. 3. 3. 3. 3. 3. 3. 3. 3. 3.] [3. 3. 3. 3. 3. 3. 3. 3. 3. 3. 3. 3. 3. 3. 3. 3. 3. 3. 3. 3.] [4. 4. 4. 4. 4. 4. 4. 4. 4. 4. 4. 4. 4. 4. 4. 4. 4. 4. 4. 4.] [4. 4. 4. 4. 4. 4. 4. 4. 4. 4. 4. 4. 4. 4. 4. 4. 4. 4. 4. 4.] [5. 5. 5. 5. 5. 5. 5. 5. 5. 5. 5. 5. 5. 5. 5. 5. 5. 5. 5. 5.] [5. 5. 5. 5. 5. 5. 5. 5. 5. 5. 5. 5. 5. 5. 5. 5. 5. 5. 5. 5.] Cost [1456.61490297 1456.61490297 1456.09601559 1456.09601559 1448.42543993
 1443.31427531 1429.94241843 1417.93630371 1405.30233704 1404.73803325
 1414.9587082  1428.74003204 1430.54006222 1431.66212247 1430.39628913
 1430.86221291 1430.86221291 1441.45095701 1441.09339263 1441.09339263] [1456.61490297 1456.61490297 1456.09601559 1456.09601559 1448.42543993
 1443.31427531 1429.94241843 1417.93630371 1405.30233704 1404.73803325
 1414.9587082  1428.74003204 1430.54006222 1431.66212247 1430.39628913
 1430.86221291 1430.86221291 1441.45095701 1441.09339263 1441.09339263] [1456.61490297 1456.61490297 1456.09601559 1456.09601559 1448.42543993
 1443.31427531 1429.94278131 1417.93668225 1405.30271558 1404.73839612
 1414.95907108 1428.74039492 1430.5404251  1431.66248535 1430.39665201
 1430.86257579 1430.86257579 1441.45131989 1441.09375551 1441.09375551] [1456.60153233 1456.60153233 1456.08264495 1456.08264495 1448.41206929
 1443.30090467 1429.92941067 1417.94544996 1405.29083591 1404.72355236
 1414.94426227 1428.72916874 1430.52919891 1431.65125917 1430.42933358
 1430.89525736 1430.89525736 1441.48400146 1441.12643708 1441.12643708] [1455.43176073 1455.43176073 1454.91287335 1454.91287335 1447.19890182
 1442.0877372  1429.00918568 1418.0118103  1405.49175572 1404.96305882
 1416.26557525 1429.88409191 1431.68825685 1432.84335685 1431.62143126
 1432.11536604 1432.11536604 1442.72697809 1442.35448277 1442.35448277] [1462.19415565 1462.19415565 1461.67526827 1461.67526827 1454.82724043
 1449.52683141 1438.25994564 1428.56524943 1416.39369357 1415.93291854
 1427.24939873 1440.88899967 1442.66849911 1443.82193723 1442.5993757
 1443.09331048 1443.09331048 1453.70492254 1453.33293041 1453.33293041] [1495.5348289  1495.5348289  1495.01594152 1495.01594152 1488.14429093
 1484.40550277 1466.3382032  1457.27655342 1437.46782138 1437.00522733
 1445.85774271 1459.49941779 1461.29583704 1462.45036229 1461.22780077
 1461.72173555 1461.72173555 1472.34623761 1471.731944   1471.731944  ] [1501.48077942 1501.48077942 1501.04705994 1501.04705994 1495.03576462
 1491.54828325 1479.93918753 1468.39044259 1447.13167495 1446.72781117
 1455.41519678 1468.67018918 1470.53756987 1471.92555523 1470.70292525
 1471.19918006 1471.19918006 1481.82368212 1481.23080845 1481.23080845] [1489.88947848 1489.88947848 1489.455759   1489.455759   1483.22563765
 1479.79188775 1468.87716042 1460.12846888 1441.95669    1441.88098749
 1452.16679179 1465.37897602 1466.83420564 1468.22058729 1467.00922914
 1467.50643107 1467.50643107 1478.13035417 1477.56184015 1477.56184015] [1480.28738065 1480.28738065 1479.85366118 1479.85366118 1474.83590904
 1471.92288756 1458.56351322 1448.28175228 1430.18756089 1436.62469298
 1449.06089938 1464.45897999 1465.80721629 1467.02735996 1465.81517673
 1466.27533189 1466.27533189 1476.93975045 1476.34901762 1476.34901762] [1464.86466597 1464.86466597 1464.86466597 1464.84633462 1459.83277572
 1458.68732076 1456.94252501 1451.32649018 1442.90473433 1447.92559703
 1462.69470681 1477.79242679 1488.88659429 1490.08635269 1488.86948178
 1489.32631745 1489.32631745 1500.26797206 1499.67821888 1499.67821888] [1467.39593805 1467.39593805 1467.40567303 1467.38734167 1462.15074298
 1461.02503765 1464.35392262 1464.64617645 1461.25478392 1467.34693402
 1489.6181709  1504.66452473 1514.43136685 1515.77351554 1514.55744212
 1515.01072863 1515.01072863 1525.76474708 1524.5046841  1524.5046841 ] [1465.95553217 1465.95553217 1465.96526714 1465.94693579 1460.79770102
 1459.77017426 1464.30383752 1466.05447373 1463.50364311 1474.97727073
 1494.96738035 1508.43712049 1518.33026983 1519.67116454 1516.25469151
 1517.71123804 1517.71123804 1528.47281311 1527.21275871 1527.21275871] [1471.00820122 1471.00820122 1471.00820122 1470.98986986 1465.84456873
 1464.83521208 1469.31332032 1471.49519506 1468.05967438 1479.75220433
 1499.51784115 1512.82733958 1522.70886086 1524.02909565 1521.10067403
 1522.56353064 1522.56353064 1533.48863144 1531.75028568 1531.75028568] [1472.78711915 1472.78711915 1472.78711915 1472.76878779 1467.78604797
 1466.7794126  1471.51459012 1474.04216964 1471.03993226 1482.44826235
 1502.84811617 1515.8027023  1524.4074546  1525.75247551 1522.33102933
 1525.05332071 1529.12311875 1540.77709277 1538.83894308 1538.83894308] [1468.85813362 1468.85813362 1468.85813362 1468.83980227 1463.80141199
 1462.92592103 1464.01224701 1466.1287779  1464.5655645  1475.77581556
 1495.37009583 1495.43172571 1501.8698967  1502.80802804 1499.51363284
 1502.49277015 1506.90654072 1518.98906726 1517.05091758 1517.05091758] [1469.88210127 1469.88210127 1469.88210127 1469.86376992 1464.99279278
 1464.11730182 1465.2036278  1467.27841678 1465.92686835 1478.71307745
 1499.1432127  1497.13372125 1503.93238183 1504.83908872 1500.0897318
 1503.16713265 1503.50650848 1519.10039912 1517.14142835 1517.14142835] [1479.4881648  1479.4881648  1479.4881648  1479.46983345 1474.59885631
 1473.72336535 1475.03049179 1477.28019512 1475.89511829 1488.44943247
 1503.73513944 1502.31368303 1509.24835322 1510.68404159 1507.07667812
 1508.50484828 1508.86604826 1523.94336493 1528.41360196 1528.41360196] [1480.16323556 1480.16323556 1480.16323556 1480.14490421 1475.27392707
 1474.39843611 1475.70556255 1477.95420086 1476.56385339 1489.11817797
 1504.41386902 1504.08979114 1511.25754922 1512.3856208  1508.83287247
 1508.94591428 1508.96314174 1524.0404584  1528.51027591 1528.51027591] [1480.16323556 1480.16323556 1480.16323556 1480.14490421 1475.27392707
 1474.39843611 1475.70556255 1477.95420086 1476.56385339 1489.11817797
 1504.41386902 1504.08979114 1511.26656628 1512.39463785 1508.84188952
 1508.95493134 1508.97215879 1524.04947546 1528.51929297 1528.51929297]