pos.HomophilyCornStocks [-2. -2. -2. -2. -1. -1. -1. -1.  0.  0.  0.  0.  1.  1.  1.  1.  2.  2.
  2.  2.] [-2. -2. -2. -2. -1. -1. -1. -1.  0.  0.  0.  0.  1.  1.  1.  1.  2.  2.
  2.  2.] [-2. -2. -2. -2. -1. -1. -1. -1.  0.  0.  0.  0.  1.  1.  1.  1.  2.  2.
  2.  2.] [-2. -2. -2. -2. -1. -1. -1. -1.  0.  0.  0.  0.  1.  1.  1.  1.  2.  2.
  2.  2.] [-2. -2. -2. -2. -1. -1. -1. -1.  0.  0.  0.  0.  1.  1.  1.  1.  2.  2.
  2.  2.] [-2. -2. -2. -2. -1. -1. -1. -1.  0.  0.  0.  0.  1.  1.  1.  1.  2.  2.
  2.  2.] [-2. -2. -2. -2. -1. -1. -1. -1.  0.  0.  0.  0.  1.  1.  1.  1.  2.  2.
  2.  2.] [-2. -2. -2. -2. -1. -1. -1. -1.  0.  0.  0.  0.  1.  1.  1.  1.  2.  2.
  2.  2.] [-2. -2. -2. -2. -1. -1. -1. -1.  0.  0.  0.  0.  1.  1.  1.  1.  2.  2.
  2.  2.] [-2. -2. -2. -2. -1. -1. -1. -1.  0.  0.  0.  0.  1.  1.  1.  1.  2.  2.
  2.  2.] [-2. -2. -2. -2. -1. -1. -1. -1.  0.  0.  0.  0.  1.  1.  1.  1.  2.  2.
  2.  2.] [-2. -2. -2. -2. -1. -1. -1. -1.  0.  0.  0.  0.  1.  1.  1.  1.  2.  2.
  2.  2.] [-2. -2. -2. -2. -1. -1. -1. -1.  0.  0.  0.  0.  1.  1.  1.  1.  2.  2.
  2.  2.] [-2. -2. -2. -2. -1. -1. -1. -1.  0.  0.  0.  0.  1.  1.  1.  1.  2.  2.
  2.  2.] [-2. -2. -2. -2. -1. -1. -1. -1.  0.  0.  0.  0.  1.  1.  1.  1.  2.  2.
  2.  2.] [-2. -2. -2. -2. -1. -1. -1. -1.  0.  0.  0.  0.  1.  1.  1.  1.  2.  2.
  2.  2.] [-2. -2. -2. -2. -1. -1. -1. -1.  0.  0.  0.  0.  1.  1.  1.  1.  2.  2.
  2.  2.] [-2. -2. -2. -2. -1. -1. -1. -1.  0.  0.  0.  0.  1.  1.  1.  1.  2.  2.
  2.  2.] [-2. -2. -2. -2. -1. -1. -1. -1.  0.  0.  0.  0.  1.  1.  1.  1.  2.  2.
  2.  2.] [-2. -2. -2. -2. -1. -1. -1. -1.  0.  0.  0.  0.  1.  1.  1.  1.  2.  2.
  2.  2.] pos.HomophilyAge [-3. -3. -3. -3. -3. -3. -3. -3. -3. -3. -3. -3. -3. -3. -3. -3. -3. -3.
 -3. -3.] [-3. -3. -3. -3. -3. -3. -3. -3. -3. -3. -3. -3. -3. -3. -3. -3. -3. -3.
 -3. -3.] [-3. -3. -3. -3. -3. -3. -3. -3. -3. -3. -3. -3. -3. -3. -3. -3. -3. -3.
 -3. -3.] [-2. -2. -2. -2. -2. -2. -2. -2. -2. -2. -2. -2. -2. -2. -2. -2. -2. -2.
 -2. -2.] [-2. -2. -2. -2. -2. -2. -2. -2. -2. -2. -2. -2. -2. -2. -2. -2. -2. -2.
 -2. -2.] [-2. -2. -2. -2. -2. -2. -2. -2. -2. -2. -2. -2. -2. -2. -2. -2. -2. -2.
 -2. -2.] [-1. -1. -1. -1. -1. -1. -1. -1. -1. -1. -1. -1. -1. -1. -1. -1. -1. -1.
 -1. -1.] [-1. -1. -1. -1. -1. -1. -1. -1. -1. -1. -1. -1. -1. -1. -1. -1. -1. -1.
 -1. -1.] [-1. -1. -1. -1. -1. -1. -1. -1. -1. -1. -1. -1. -1. -1. -1. -1. -1. -1.
 -1. -1.] [0. 0. 0. 0. 0. 0. 0. 0. 0. 0. 0. 0. 0. 0. 0. 0. 0. 0. 0. 0.] [0. 0. 0. 0. 0. 0. 0. 0. 0. 0. 0. 0. 0. 0. 0. 0. 0. 0. 0. 0.] [1. 1. 1. 1. 1. 1. 1. 1. 1. 1. 1. 1. 1. 1. 1. 1. 1. 1. 1. 1.] [1. 1. 1. 1. 1. 1. 1. 1. 1. 1. 1. 1. 1. 1. 1. 1. 1. 1. 1. 1.] [1. 1. 1. 1. 1. 1. 1. 1. 1. 1. 1. 1. 1. 1. 1. 1. 1. 1. 1. 1.] [2. 2. 2. 2. 2. 2. 2. 2. 2. 2. 2. 2. 2. 2. 2. 2. 2. 2. 2. 2.] [2. 2. 2. 2. 2. 2. 2. 2. 2. 2. 2. 2. 2. 2. 2. 2. 2. 2. 2. 2.] [2. 2. 2. 2. 2. 2. 2. 2. 2. 2. 2. 2. 2. 2. 2. 2. 2. 2. 2. 2.] [3. 3. 3. 3. 3. 3. 3. 3. 3. 3. 3. 3. 3. 3. 3. 3. 3. 3. 3. 3.] [3. 3. 3. 3. 3. 3. 3. 3. 3. 3. 3. 3. 3. 3. 3. 3. 3. 3. 3. 3.] [3. 3. 3. 3. 3. 3. 3. 3. 3. 3. 3. 3. 3. 3. 3. 3. 3. 3. 3. 3.] Cost [1515.73546925 1515.73546925 1515.73612412 1515.85502626 1515.85609242
 1515.7885137  1521.36332561 1531.75413537 1533.18862815 1536.93086251
 1538.42234897 1566.82412645 1567.24872903 1586.10529778 1670.95826034
 1765.59333614 1863.8953194  1902.91478285 1902.95079384 1902.95079384] [1515.73546925 1515.73546925 1515.73612412 1515.85502626 1515.85609242
 1515.7885137  1521.36332561 1531.75413537 1533.18862815 1536.93086251
 1538.42234897 1566.82412645 1567.24872903 1586.10529778 1670.95826034
 1765.59333614 1863.8953194  1902.91478285 1902.95079384 1902.95079384] [1515.73546925 1515.73546925 1515.73612412 1515.85502626 1515.85609242
 1515.7885137  1521.36332561 1531.75413537 1533.18862815 1536.93086251
 1538.42234897 1526.90412317 1527.32872574 1546.18529449 1631.03825705
 1725.67333286 1823.99182877 1863.01129222 1863.04730321 1863.04730321] [1488.08948512 1488.08948512 1488.09013999 1488.20904214 1488.21010829
 1488.14252957 1493.71734148 1504.08902158 1505.55269429 1509.29851223
 1510.78999869 1499.27177289 1499.7586242  1518.61519295 1603.47565504
 1698.11073085 1797.00216092 1836.02159036 1836.05760135 1836.05760135] [1422.87255792 1422.87255792 1422.87321279 1422.99211493 1422.99318108
 1422.92560237 1428.50041428 1438.87209438 1440.34209328 1444.08759179
 1445.52980613 1434.0450299  1434.53174074 1453.38730829 1538.24777037
 1632.88284618 1731.77427626 1770.79370569 1770.82971668 1770.82971668] [1400.15758362 1400.15758362 1400.15823849 1400.27714063 1400.27820678
 1400.21062807 1405.78597222 1408.26798779 1409.73363188 1413.54013194
 1414.84379019 1413.40937272 1414.44500147 1433.29839836 1518.16200706
 1614.32362147 1713.21505155 1752.26338721 1752.2993982  1752.2993982 ] [1379.49985399 1379.49985399 1379.50050886 1379.61946658 1379.62053274
 1379.55311025 1385.12410318 1387.52863767 1388.9914995  1392.79730906
 1394.20731849 1392.76063292 1393.78662531 1413.51374615 1498.41712949
 1595.21913536 1697.76652769 1736.81160598 1736.84761697 1736.84761697] [1334.89052231 1334.89052231 1334.89117718 1335.01013491 1334.94351016
 1334.88289231 1340.45385972 1342.84320704 1344.34291063 1348.02872981
 1349.52639326 1348.18009728 1349.21612192 1368.8719998  1461.21468172
 1558.00862212 1665.01384401 1704.07151202 1704.10752301 1704.10752301] [1331.17723701 1331.17723701 1331.17789188 1331.28873408 1331.22370257
 1331.16145063 1336.75097497 1338.76148216 1340.30684938 1344.0983594
 1347.32353603 1345.60492318 1347.37821557 1367.12109862 1459.443428
 1556.6962887  1663.74132442 1703.12233353 1703.15834452 1703.15834452] [1331.20270455 1331.20270455 1331.20335942 1331.31862333 1331.2530582
 1331.19077684 1336.75857092 1338.9161161  1340.44328262 1344.20615148
 1347.26412633 1345.57721071 1347.57531838 1367.42624928 1459.71638309
 1556.84662937 1663.99579621 1703.47362837 1703.50963936 1703.50963936] [1327.31519234 1327.31519234 1327.31584721 1327.44091508 1327.37384865
 1327.30916479 1332.78096967 1335.18126887 1336.48015737 1340.12336054
 1342.94747998 1341.3188527  1343.18984911 1363.08962372 1455.20515368
 1552.45589896 1636.13813069 1675.41118046 1675.44719145 1675.44719145] [1333.84844997 1333.84844997 1333.84910484 1333.97359697 1333.90514174
 1333.87649353 1339.36859219 1336.40569608 1338.36323851 1341.98606665
 1344.43067368 1342.72123917 1344.33816712 1363.02209904 1457.49520639
 1552.55724012 1636.26392966 1675.57755303 1675.61356402 1675.61356402] [1335.74609381 1335.74609381 1335.74674868 1335.83975629 1335.71547604
 1335.69091359 1335.48686656 1332.0760653  1334.08448226 1337.70596232
 1340.11666931 1338.5117614  1346.41638423 1365.09044157 1458.90784851
 1553.95443289 1637.56456388 1676.93774959 1676.97376059 1676.97376059] [1339.6514703  1339.6514703  1339.6514703  1339.74413916 1339.64709707
 1339.62253463 1339.41848759 1336.09422618 1338.11654497 1342.36312395
 1344.8763342  1343.25092371 1351.13464385 1370.66794815 1464.47104769
 1555.86246982 1639.45101516 1678.77369121 1678.8097022  1678.8097022 ] [1353.59209567 1353.59209567 1353.59209567 1353.60148981 1353.50444772
 1353.47471945 1353.03328356 1349.71228342 1351.68599373 1357.63563637
 1359.97779849 1358.35129669 1365.67795786 1385.22297998 1479.02607952
 1570.41029717 1649.78972402 1689.12746773 1689.16347872 1689.16347872] [1364.18936717 1364.18936717 1364.18936717 1364.20525854 1364.12207826
 1364.09234999 1363.6510783  1360.51552563 1362.50738645 1368.47422145
 1370.81037338 1369.16862442 1376.2273971  1395.74387929 1486.28125229
 1577.64082578 1650.44332147 1689.78106518 1689.81707617 1689.81707617] [1364.18936717 1364.18936717 1364.18936717 1364.20525854 1364.12207826
 1364.09234999 1363.6510783  1360.51552563 1362.50738645 1368.47422145
 1370.81037338 1369.16862442 1376.2273971  1395.74387929 1486.28125229
 1577.64082578 1650.44332147 1689.78106518 1689.81707617 1689.81707617] [1368.79490203 1368.79490203 1368.79490203 1368.80091462 1368.71773433
 1368.68800607 1368.24673437 1365.1111817  1367.10516008 1373.07123746
 1375.40738938 1373.76078878 1380.77861518 1400.29508975 1490.83246275
 1582.19203623 1654.99453193 1694.33227563 1694.36828662 1694.36828662] [1368.87609055 1368.87609055 1368.87609055 1368.87492202 1368.79174174
 1368.76201348 1368.32074178 1365.18518911 1367.17916749 1373.14527672
 1375.48142864 1373.83477936 1380.85260576 1400.36908033 1490.90645333
 1582.26602681 1655.06852251 1694.40626622 1694.44227721 1694.44227721] [1368.87609055 1368.87609055 1368.87609055 1368.87492202 1368.79174174
 1368.76201348 1368.32074178 1365.18518911 1367.17916749 1373.14527672
 1375.48142864 1373.83477936 1380.85260576 1400.36908033 1490.90645333
 1582.26602681 1655.06852251 1694.40626622 1694.44227721 1694.44227721]