pos.HomophilyCornStocks [-2. -2. -2. -2. -1. -1. -1. -1.  0.  0.  0.  0.  1.  1.  1.  1.  2.  2.
  2.  2.] [-2. -2. -2. -2. -1. -1. -1. -1.  0.  0.  0.  0.  1.  1.  1.  1.  2.  2.
  2.  2.] [-2. -2. -2. -2. -1. -1. -1. -1.  0.  0.  0.  0.  1.  1.  1.  1.  2.  2.
  2.  2.] [-2. -2. -2. -2. -1. -1. -1. -1.  0.  0.  0.  0.  1.  1.  1.  1.  2.  2.
  2.  2.] [-2. -2. -2. -2. -1. -1. -1. -1.  0.  0.  0.  0.  1.  1.  1.  1.  2.  2.
  2.  2.] [-2. -2. -2. -2. -1. -1. -1. -1.  0.  0.  0.  0.  1.  1.  1.  1.  2.  2.
  2.  2.] [-2. -2. -2. -2. -1. -1. -1. -1.  0.  0.  0.  0.  1.  1.  1.  1.  2.  2.
  2.  2.] [-2. -2. -2. -2. -1. -1. -1. -1.  0.  0.  0.  0.  1.  1.  1.  1.  2.  2.
  2.  2.] [-2. -2. -2. -2. -1. -1. -1. -1.  0.  0.  0.  0.  1.  1.  1.  1.  2.  2.
  2.  2.] [-2. -2. -2. -2. -1. -1. -1. -1.  0.  0.  0.  0.  1.  1.  1.  1.  2.  2.
  2.  2.] [-2. -2. -2. -2. -1. -1. -1. -1.  0.  0.  0.  0.  1.  1.  1.  1.  2.  2.
  2.  2.] [-2. -2. -2. -2. -1. -1. -1. -1.  0.  0.  0.  0.  1.  1.  1.  1.  2.  2.
  2.  2.] [-2. -2. -2. -2. -1. -1. -1. -1.  0.  0.  0.  0.  1.  1.  1.  1.  2.  2.
  2.  2.] [-2. -2. -2. -2. -1. -1. -1. -1.  0.  0.  0.  0.  1.  1.  1.  1.  2.  2.
  2.  2.] [-2. -2. -2. -2. -1. -1. -1. -1.  0.  0.  0.  0.  1.  1.  1.  1.  2.  2.
  2.  2.] [-2. -2. -2. -2. -1. -1. -1. -1.  0.  0.  0.  0.  1.  1.  1.  1.  2.  2.
  2.  2.] [-2. -2. -2. -2. -1. -1. -1. -1.  0.  0.  0.  0.  1.  1.  1.  1.  2.  2.
  2.  2.] [-2. -2. -2. -2. -1. -1. -1. -1.  0.  0.  0.  0.  1.  1.  1.  1.  2.  2.
  2.  2.] [-2. -2. -2. -2. -1. -1. -1. -1.  0.  0.  0.  0.  1.  1.  1.  1.  2.  2.
  2.  2.] [-2. -2. -2. -2. -1. -1. -1. -1.  0.  0.  0.  0.  1.  1.  1.  1.  2.  2.
  2.  2.] pos.CompareQuality [-7. -7. -7. -7. -7. -7. -7. -7. -7. -7. -7. -7. -7. -7. -7. -7. -7. -7.
 -7. -7.] [-6. -6. -6. -6. -6. -6. -6. -6. -6. -6. -6. -6. -6. -6. -6. -6. -6. -6.
 -6. -6.] [-5. -5. -5. -5. -5. -5. -5. -5. -5. -5. -5. -5. -5. -5. -5. -5. -5. -5.
 -5. -5.] [-4. -4. -4. -4. -4. -4. -4. -4. -4. -4. -4. -4. -4. -4. -4. -4. -4. -4.
 -4. -4.] [-2. -2. -2. -2. -2. -2. -2. -2. -2. -2. -2. -2. -2. -2. -2. -2. -2. -2.
 -2. -2.] [-1. -1. -1. -1. -1. -1. -1. -1. -1. -1. -1. -1. -1. -1. -1. -1. -1. -1.
 -1. -1.] [0. 0. 0. 0. 0. 0. 0. 0. 0. 0. 0. 0. 0. 0. 0. 0. 0. 0. 0. 0.] [2. 2. 2. 2. 2. 2. 2. 2. 2. 2. 2. 2. 2. 2. 2. 2. 2. 2. 2. 2.] [3. 3. 3. 3. 3. 3. 3. 3. 3. 3. 3. 3. 3. 3. 3. 3. 3. 3. 3. 3.] [4. 4. 4. 4. 4. 4. 4. 4. 4. 4. 4. 4. 4. 4. 4. 4. 4. 4. 4. 4.] [6. 6. 6. 6. 6. 6. 6. 6. 6. 6. 6. 6. 6. 6. 6. 6. 6. 6. 6. 6.] [7. 7. 7. 7. 7. 7. 7. 7. 7. 7. 7. 7. 7. 7. 7. 7. 7. 7. 7. 7.] [8. 8. 8. 8. 8. 8. 8. 8. 8. 8. 8. 8. 8. 8. 8. 8. 8. 8. 8. 8.] [10. 10. 10. 10. 10. 10. 10. 10. 10. 10. 10. 10. 10. 10. 10. 10. 10. 10.
 10. 10.] [11. 11. 11. 11. 11. 11. 11. 11. 11. 11. 11. 11. 11. 11. 11. 11. 11. 11.
 11. 11.] [12. 12. 12. 12. 12. 12. 12. 12. 12. 12. 12. 12. 12. 12. 12. 12. 12. 12.
 12. 12.] [14. 14. 14. 14. 14. 14. 14. 14. 14. 14. 14. 14. 14. 14. 14. 14. 14. 14.
 14. 14.] [15. 15. 15. 15. 15. 15. 15. 15. 15. 15. 15. 15. 15. 15. 15. 15. 15. 15.
 15. 15.] [16. 16. 16. 16. 16. 16. 16. 16. 16. 16. 16. 16. 16. 16. 16. 16. 16. 16.
 16. 16.] [17. 17. 17. 17. 17. 17. 17. 17. 17. 17. 17. 17. 17. 17. 17. 17. 17. 17.
 17. 17.] Cost [1673.50167742 1673.50167742 1673.50167742 1673.50167742 1673.50167742
 1673.50167742 1699.21818918 1720.87099192 1726.03499221 1748.87944061
 1757.22106725 1756.75202549 1756.12578784 1757.09450595 1757.09450595
 1757.09450595 1757.09450595 1757.09450595 1757.09450595 1757.09450595] [1664.76074474 1664.76074474 1664.76074474 1664.76074474 1664.76074474
 1664.76074474 1690.4772565  1712.13005924 1717.81335151 1740.65779992
 1748.30364205 1747.31530831 1746.68907067 1747.65778878 1747.65778878
 1747.65778878 1747.65778878 1747.65778878 1747.65778878 1747.65778878] [1636.24620034 1636.24620034 1636.24620034 1636.24620034 1636.24620034
 1636.24620034 1658.8176338  1672.88389776 1684.51989454 1707.36434294
 1715.01018508 1713.345788   1712.71519028 1713.68390839 1713.68390839
 1713.68390839 1713.68390839 1713.68390839 1713.68390839 1713.68390839] [1611.53990516 1611.53990516 1611.53990516 1611.53990516 1611.53990516
 1611.53990516 1633.76306374 1646.93438144 1658.14897232 1681.25781245
 1690.20570361 1688.54130653 1688.13572138 1689.10443949 1689.10443949
 1689.10443949 1689.10443949 1689.10443949 1689.10443949 1689.10443949] [1526.10319487 1526.10319487 1526.10319487 1526.10319487 1526.10319487
 1526.10319487 1548.83786187 1551.31745691 1563.48106181 1590.19944916
 1597.45677896 1599.68292211 1598.24257367 1601.66697663 1601.23299249
 1601.23299249 1601.30819197 1603.78340428 1603.78340428 1603.78340428] [1491.60025933 1491.60025933 1491.60025933 1491.69369635 1491.69369635
 1491.69369635 1492.35040543 1478.29905104 1471.81669591 1479.70840007
 1486.01466781 1496.83216232 1498.98587682 1503.47882251 1505.29687319
 1509.14865448 1509.14722216 1511.9284478  1512.62667346 1512.62667346] [1404.28449747 1404.28449747 1404.29669695 1404.58109892 1403.63875751
 1403.3054596  1405.41312262 1400.75291118 1396.97590039 1388.57262193
 1387.09132705 1396.37123073 1397.52079476 1405.87449958 1406.48353395
 1452.8695227  1451.92111265 1463.05295356 1463.05295356 1463.05295356] [1316.29002478 1316.29002478 1316.29002478 1316.36545567 1315.91231541
 1315.91231541 1311.24348151 1308.3955069  1307.78807895 1307.58831768
 1309.91782222 1308.52755758 1320.91734937 1348.38714128 1479.22470517
 1612.06323695 1748.89895354 1815.66523408 1815.66523408 1815.66523408] [1288.09380749 1288.09380749 1288.09380749 1288.16923838 1288.16923838
 1288.16923838 1283.6285444  1282.08552177 1282.04722652 1280.13486546
 1278.65280695 1277.52112808 1280.40574815 1307.39651491 1438.85458102
 1574.78360709 1707.91113636 1764.81209421 1764.81209421 1764.81209421] [1283.84779756 1283.84779756 1283.84779756 1283.92322844 1283.92322844
 1283.92322844 1279.43151699 1277.66271835 1277.62528454 1275.82688227
 1276.44727773 1275.15296093 1277.84199416 1303.8669854  1435.41468924
 1574.03136092 1707.98253991 1764.73524792 1764.73524792 1764.73524792] [1286.2540824  1286.2540824  1286.2540824  1286.32951328 1286.32951328
 1286.32951328 1281.88427179 1280.03811446 1279.99813675 1278.19570266
 1278.90733534 1276.18225842 1279.72267899 1305.84787717 1437.34873267
 1575.77614016 1709.73184401 1766.627078   1766.627078   1766.627078  ] [1274.83664292 1274.83664292 1274.83664292 1274.9120738  1274.9120738
 1274.9120738  1270.07409421 1268.02614845 1268.04354876 1266.24134285
 1266.57362958 1265.81498595 1269.74707453 1296.88608998 1433.82827868
 1572.99319567 1706.38386535 1763.54755242 1763.54755242 1763.54755242] [1277.84178364 1277.84178364 1277.84178364 1277.91721452 1277.91721452
 1277.91721452 1274.13189204 1272.08318017 1272.10083473 1270.29931285
 1270.60862679 1269.79940051 1273.74239665 1302.17145301 1438.20451408
 1575.19528545 1708.97531184 1765.9938398  1765.9938398  1765.9938398 ] [1281.04434194 1281.04434194 1281.04434194 1281.11977282 1281.11977282
 1281.11977282 1277.33443853 1274.70941735 1274.699263   1272.89774112
 1273.20538373 1272.1752228  1276.6677596  1305.38499561 1440.08916227
 1577.91461881 1711.42523571 1767.28608128 1767.28608128 1767.28608128] [1283.07764064 1283.07764064 1283.07764064 1283.15307153 1283.15307153
 1283.15307153 1280.79496544 1278.16994425 1278.16061058 1276.35908871
 1276.41178651 1275.64453751 1281.09417634 1309.64889967 1444.08954441
 1580.77665688 1715.53046352 1771.64649173 1771.64649173 1771.64649173] [1283.34320145 1283.34320145 1283.34320145 1283.41863233 1283.41863233
 1283.41863233 1281.06052624 1278.38710673 1278.37755074 1276.57602886
 1276.58017998 1276.54176056 1282.08531696 1310.952719   1445.35705897
 1582.03877364 1716.81680751 1771.94558572 1771.94558572 1771.94558572] [1286.99506724 1286.99506724 1286.99506724 1287.07049812 1287.07049812
 1287.07049812 1284.71316117 1282.04333282 1282.03377683 1280.23225495
 1280.18013186 1280.21447978 1285.75444502 1312.74525668 1447.03774065
 1583.71868619 1718.46818556 1773.68418789 1773.68418789 1773.68418789] [1289.08665382 1289.08665382 1289.08665382 1289.16208471 1289.16208471
 1289.16208471 1286.80474775 1285.09191964 1285.08236364 1283.28117868
 1283.22905559 1283.26340351 1287.84636852 1314.83718017 1449.14159081
 1585.82219944 1720.57169882 1775.78770114 1775.78770114 1775.78770114] [1288.8870811  1288.8870811  1288.8870811  1288.96251198 1288.96251198
 1288.96251198 1286.60517503 1284.89234691 1284.88279092 1283.08160595
 1283.02948287 1283.06383079 1287.64679579 1314.63760744 1448.94201809
 1585.62262672 1720.37212609 1775.58812841 1775.58812841 1775.58812841] [1288.92008018 1288.92008018 1288.92008018 1288.99551107 1288.99551107
 1288.99551107 1286.63817411 1284.925346   1284.91579    1283.11460504
 1283.06248195 1283.06383079 1287.64679579 1314.63760744 1448.94201809
 1585.62262672 1720.37212609 1775.58812841 1775.58812841 1775.58812841]