pos.SocialPresence [-5. -5. -4. -4. -3. -3. -2. -2. -1. -1.  0.  0.  1.  1.  2.  2.  3.  3.
  4.  4.] [-5. -5. -4. -4. -3. -3. -2. -2. -1. -1.  0.  0.  1.  1.  2.  2.  3.  3.
  4.  4.] [-5. -5. -4. -4. -3. -3. -2. -2. -1. -1.  0.  0.  1.  1.  2.  2.  3.  3.
  4.  4.] [-5. -5. -4. -4. -3. -3. -2. -2. -1. -1.  0.  0.  1.  1.  2.  2.  3.  3.
  4.  4.] [-5. -5. -4. -4. -3. -3. -2. -2. -1. -1.  0.  0.  1.  1.  2.  2.  3.  3.
  4.  4.] [-5. -5. -4. -4. -3. -3. -2. -2. -1. -1.  0.  0.  1.  1.  2.  2.  3.  3.
  4.  4.] [-5. -5. -4. -4. -3. -3. -2. -2. -1. -1.  0.  0.  1.  1.  2.  2.  3.  3.
  4.  4.] [-5. -5. -4. -4. -3. -3. -2. -2. -1. -1.  0.  0.  1.  1.  2.  2.  3.  3.
  4.  4.] [-5. -5. -4. -4. -3. -3. -2. -2. -1. -1.  0.  0.  1.  1.  2.  2.  3.  3.
  4.  4.] [-5. -5. -4. -4. -3. -3. -2. -2. -1. -1.  0.  0.  1.  1.  2.  2.  3.  3.
  4.  4.] [-5. -5. -4. -4. -3. -3. -2. -2. -1. -1.  0.  0.  1.  1.  2.  2.  3.  3.
  4.  4.] [-5. -5. -4. -4. -3. -3. -2. -2. -1. -1.  0.  0.  1.  1.  2.  2.  3.  3.
  4.  4.] [-5. -5. -4. -4. -3. -3. -2. -2. -1. -1.  0.  0.  1.  1.  2.  2.  3.  3.
  4.  4.] [-5. -5. -4. -4. -3. -3. -2. -2. -1. -1.  0.  0.  1.  1.  2.  2.  3.  3.
  4.  4.] [-5. -5. -4. -4. -3. -3. -2. -2. -1. -1.  0.  0.  1.  1.  2.  2.  3.  3.
  4.  4.] [-5. -5. -4. -4. -3. -3. -2. -2. -1. -1.  0.  0.  1.  1.  2.  2.  3.  3.
  4.  4.] [-5. -5. -4. -4. -3. -3. -2. -2. -1. -1.  0.  0.  1.  1.  2.  2.  3.  3.
  4.  4.] [-5. -5. -4. -4. -3. -3. -2. -2. -1. -1.  0.  0.  1.  1.  2.  2.  3.  3.
  4.  4.] [-5. -5. -4. -4. -3. -3. -2. -2. -1. -1.  0.  0.  1.  1.  2.  2.  3.  3.
  4.  4.] [-5. -5. -4. -4. -3. -3. -2. -2. -1. -1.  0.  0.  1.  1.  2.  2.  3.  3.
  4.  4.] pos.CompareDistance [-4. -4. -4. -4. -4. -4. -4. -4. -4. -4. -4. -4. -4. -4. -4. -4. -4. -4.
 -4. -4.] [-4. -4. -4. -4. -4. -4. -4. -4. -4. -4. -4. -4. -4. -4. -4. -4. -4. -4.
 -4. -4.] [-3. -3. -3. -3. -3. -3. -3. -3. -3. -3. -3. -3. -3. -3. -3. -3. -3. -3.
 -3. -3.] [-3. -3. -3. -3. -3. -3. -3. -3. -3. -3. -3. -3. -3. -3. -3. -3. -3. -3.
 -3. -3.] [-2. -2. -2. -2. -2. -2. -2. -2. -2. -2. -2. -2. -2. -2. -2. -2. -2. -2.
 -2. -2.] [-2. -2. -2. -2. -2. -2. -2. -2. -2. -2. -2. -2. -2. -2. -2. -2. -2. -2.
 -2. -2.] [-1. -1. -1. -1. -1. -1. -1. -1. -1. -1. -1. -1. -1. -1. -1. -1. -1. -1.
 -1. -1.] [0. 0. 0. 0. 0. 0. 0. 0. 0. 0. 0. 0. 0. 0. 0. 0. 0. 0. 0. 0.] [0. 0. 0. 0. 0. 0. 0. 0. 0. 0. 0. 0. 0. 0. 0. 0. 0. 0. 0. 0.] [1. 1. 1. 1. 1. 1. 1. 1. 1. 1. 1. 1. 1. 1. 1. 1. 1. 1. 1. 1.] [1. 1. 1. 1. 1. 1. 1. 1. 1. 1. 1. 1. 1. 1. 1. 1. 1. 1. 1. 1.] [2. 2. 2. 2. 2. 2. 2. 2. 2. 2. 2. 2. 2. 2. 2. 2. 2. 2. 2. 2.] [2. 2. 2. 2. 2. 2. 2. 2. 2. 2. 2. 2. 2. 2. 2. 2. 2. 2. 2. 2.] [3. 3. 3. 3. 3. 3. 3. 3. 3. 3. 3. 3. 3. 3. 3. 3. 3. 3. 3. 3.] [4. 4. 4. 4. 4. 4. 4. 4. 4. 4. 4. 4. 4. 4. 4. 4. 4. 4. 4. 4.] [4. 4. 4. 4. 4. 4. 4. 4. 4. 4. 4. 4. 4. 4. 4. 4. 4. 4. 4. 4.] [5. 5. 5. 5. 5. 5. 5. 5. 5. 5. 5. 5. 5. 5. 5. 5. 5. 5. 5. 5.] [5. 5. 5. 5. 5. 5. 5. 5. 5. 5. 5. 5. 5. 5. 5. 5. 5. 5. 5. 5.] [6. 6. 6. 6. 6. 6. 6. 6. 6. 6. 6. 6. 6. 6. 6. 6. 6. 6. 6. 6.] [6. 6. 6. 6. 6. 6. 6. 6. 6. 6. 6. 6. 6. 6. 6. 6. 6. 6. 6. 6.] Cost [1581.41353435 1577.59499903 1565.8775536  1543.8770269  1542.2559928
 1542.36074475 1536.63031242 1534.57127923 1515.03757239 1514.45767284
 1517.91901112 1519.88687364 1534.29269336 1535.05228685 1535.75829415
 1535.70343442 1535.3645276  1536.65766764 1536.65778406 1536.65778406] [1581.41353435 1577.59499903 1565.8775536  1543.8770269  1542.2559928
 1542.36074475 1536.63031242 1534.57127923 1515.03757239 1514.45767284
 1517.91901112 1519.88687364 1534.29269336 1535.05228685 1535.75829415
 1535.70343442 1535.3645276  1536.65766764 1536.65778406 1536.65778406] [1581.3282272  1577.50969188 1565.79224645 1543.79171975 1542.17068565
 1542.2754376  1536.54500527 1534.48597208 1514.95226524 1514.37236569
 1517.83370397 1519.80156649 1534.20738621 1534.9669797  1535.672987
 1535.61812727 1535.27922045 1536.57236049 1536.57247691 1536.57247691] [1581.04459606 1577.22606075 1565.50725169 1543.506725   1541.8856909
 1541.99044285 1536.26001051 1534.20097733 1514.66727049 1514.0607696
 1517.53396808 1519.50181606 1533.84228195 1534.60187544 1535.30788274
 1535.25302301 1534.91411619 1536.20725623 1536.20737265 1536.20737265] [1591.03692181 1587.2183865  1575.49957745 1553.49905075 1551.87801665
 1551.9827686  1546.25233627 1544.19330308 1524.65959624 1524.05309535
 1527.52612135 1529.51304586 1543.96183293 1544.721398   1545.4274053
 1545.37254557 1545.03363875 1546.32677879 1546.32689521 1546.32689521] [1568.2640571  1564.44552178 1552.72682082 1530.72616876 1525.78203661
 1525.91122174 1520.30772757 1518.04072096 1498.51237401 1497.90797784
 1501.24336592 1503.16611504 1517.43422263 1518.0859685  1519.1834395
 1519.02349181 1518.68412629 1519.97950887 1520.48055246 1520.48055246] [1513.1852676  1494.43640995 1469.44606528 1447.44526668 1442.50113452
 1442.70535205 1436.99888034 1436.52098164 1416.8495451  1415.61888838
 1417.98997529 1420.42150673 1433.68970578 1434.48925804 1436.05230028
 1435.98459137 1435.68943451 1437.11826369 1438.02434733 1438.02434733] [1477.31201422 1458.56345153 1433.49450196 1411.44974923 1406.59292486
 1406.78960185 1407.26459461 1406.90373503 1405.13582669 1403.32888842
 1406.16789056 1409.45162496 1417.69383932 1418.31685587 1420.24028747
 1420.17965665 1420.02631956 1421.27284777 1422.18889239 1422.18889239] [1468.10827628 1449.35971358 1424.2847824  1402.1801458  1400.68758761
 1400.88433838 1401.30058074 1401.54889023 1399.87214285 1398.28828713
 1400.27282979 1403.43287954 1412.33070213 1413.23518752 1415.16611832
 1415.16848826 1415.01569325 1416.28134055 1417.19954988 1417.19954988] [1458.35739365 1439.61514291 1415.59866311 1393.49305521 1391.9546583
 1392.62898299 1393.02484913 1393.21008923 1391.607027   1389.73673652
 1391.52813585 1394.85089282 1405.81080312 1406.41734311 1408.3978077
 1408.438147   1408.62500728 1409.89040545 1410.79267572 1410.79267572] [1450.26148729 1431.51923655 1407.51432514 1385.59035996 1384.05137787
 1384.73388703 1385.12846257 1385.28513441 1383.64219243 1382.27727001
 1384.61471031 1390.16726516 1399.13076817 1400.79239913 1412.36614936
 1412.41023993 1412.79461957 1413.88198951 1414.78407865 1414.78407865] [1463.36225945 1444.62000871 1420.72277328 1398.7984776  1397.25186681
 1397.83243453 1398.19064212 1397.86936462 1396.32031173 1394.613742
 1396.79653908 1402.30014919 1410.94818433 1412.4661441  1423.03019477
 1423.12205861 1423.50521619 1424.59258613 1425.48465378 1425.48465378] [1487.92327496 1469.18102421 1445.31839839 1428.67867628 1427.13206549
 1427.71257603 1428.05788035 1427.72051771 1426.14052903 1424.44442954
 1426.53755044 1432.25463261 1440.87603676 1442.45746015 1453.15164134
 1453.2426228  1453.58714687 1454.85683391 1455.74745964 1455.74745964] [1497.63178312 1478.88953237 1468.29862515 1451.65890304 1450.11229225
 1450.66520816 1450.90602701 1450.79087145 1450.28944845 1448.58363843
 1450.7437626  1456.2591793  1465.10435408 1466.70216689 1477.38509713
 1477.46398341 1477.75771284 1477.91674354 1478.30788107 1478.30788107] [1497.68096963 1478.93871889 1468.34781167 1451.70808955 1450.16147877
 1450.71439468 1450.95521353 1450.84005796 1450.33863497 1448.63282495
 1450.79294911 1456.30836581 1465.1535406  1466.75135341 1477.43428365
 1477.51316993 1477.80689935 1477.96593006 1478.35706758 1478.35706758] [1497.68096963 1478.93871889 1468.34781167 1451.70808955 1450.16147877
 1450.71439468 1450.95521353 1450.84005796 1450.33863497 1448.63282495
 1450.79294911 1456.30836581 1465.1535406  1466.75135341 1477.43428365
 1477.51316993 1477.80689935 1477.96593006 1478.35706758 1478.35706758] [1497.68096963 1478.93871889 1468.34781167 1451.70808955 1450.16147877
 1450.71439468 1450.95521353 1450.84005796 1450.33863497 1448.63282495
 1450.79294911 1456.30836581 1465.1535406  1466.75135341 1477.43428365
 1477.51316993 1477.80689935 1477.96593006 1478.35706758 1478.35706758] [1497.68096963 1478.93871889 1468.34781167 1451.70808955 1450.16147877
 1450.71439468 1450.95521353 1450.84005796 1450.33863497 1448.63282901
 1450.79295318 1456.30836988 1465.15354467 1466.75135747 1477.43428771
 1477.513174   1477.80690342 1477.96593412 1478.35707165 1478.35707165] [1497.68096963 1478.93871889 1468.34781167 1451.70808955 1450.16147877
 1450.71439468 1450.95521353 1450.84005796 1450.33863497 1448.63282901
 1450.79295318 1456.30836988 1465.15354467 1466.75135747 1477.43428771
 1477.513174   1477.80690342 1477.96593412 1478.35707165 1478.35707165] [1497.68096963 1478.93871889 1468.34781167 1451.70808955 1450.16147877
 1450.71439468 1450.95521353 1450.84005796 1450.33863497 1448.63282901
 1450.79295318 1456.30836988 1465.15354467 1466.75135747 1477.43428771
 1477.513174   1477.80690342 1477.96593412 1478.35707165 1478.35707165]