pos.CompareYield [-3. -3. -3. -2. -2. -1. -1.  0.  0.  1.  1.  2.  2.  3.  3.  4.  4.  5.
  5.  5.] [-3. -3. -3. -2. -2. -1. -1.  0.  0.  1.  1.  2.  2.  3.  3.  4.  4.  5.
  5.  5.] [-3. -3. -3. -2. -2. -1. -1.  0.  0.  1.  1.  2.  2.  3.  3.  4.  4.  5.
  5.  5.] [-3. -3. -3. -2. -2. -1. -1.  0.  0.  1.  1.  2.  2.  3.  3.  4.  4.  5.
  5.  5.] [-3. -3. -3. -2. -2. -1. -1.  0.  0.  1.  1.  2.  2.  3.  3.  4.  4.  5.
  5.  5.] [-3. -3. -3. -2. -2. -1. -1.  0.  0.  1.  1.  2.  2.  3.  3.  4.  4.  5.
  5.  5.] [-3. -3. -3. -2. -2. -1. -1.  0.  0.  1.  1.  2.  2.  3.  3.  4.  4.  5.
  5.  5.] [-3. -3. -3. -2. -2. -1. -1.  0.  0.  1.  1.  2.  2.  3.  3.  4.  4.  5.
  5.  5.] [-3. -3. -3. -2. -2. -1. -1.  0.  0.  1.  1.  2.  2.  3.  3.  4.  4.  5.
  5.  5.] [-3. -3. -3. -2. -2. -1. -1.  0.  0.  1.  1.  2.  2.  3.  3.  4.  4.  5.
  5.  5.] [-3. -3. -3. -2. -2. -1. -1.  0.  0.  1.  1.  2.  2.  3.  3.  4.  4.  5.
  5.  5.] [-3. -3. -3. -2. -2. -1. -1.  0.  0.  1.  1.  2.  2.  3.  3.  4.  4.  5.
  5.  5.] [-3. -3. -3. -2. -2. -1. -1.  0.  0.  1.  1.  2.  2.  3.  3.  4.  4.  5.
  5.  5.] [-3. -3. -3. -2. -2. -1. -1.  0.  0.  1.  1.  2.  2.  3.  3.  4.  4.  5.
  5.  5.] [-3. -3. -3. -2. -2. -1. -1.  0.  0.  1.  1.  2.  2.  3.  3.  4.  4.  5.
  5.  5.] [-3. -3. -3. -2. -2. -1. -1.  0.  0.  1.  1.  2.  2.  3.  3.  4.  4.  5.
  5.  5.] [-3. -3. -3. -2. -2. -1. -1.  0.  0.  1.  1.  2.  2.  3.  3.  4.  4.  5.
  5.  5.] [-3. -3. -3. -2. -2. -1. -1.  0.  0.  1.  1.  2.  2.  3.  3.  4.  4.  5.
  5.  5.] [-3. -3. -3. -2. -2. -1. -1.  0.  0.  1.  1.  2.  2.  3.  3.  4.  4.  5.
  5.  5.] [-3. -3. -3. -2. -2. -1. -1.  0.  0.  1.  1.  2.  2.  3.  3.  4.  4.  5.
  5.  5.] pos.CompareQuality [-7. -7. -7. -7. -7. -7. -7. -7. -7. -7. -7. -7. -7. -7. -7. -7. -7. -7.
 -7. -7.] [-6. -6. -6. -6. -6. -6. -6. -6. -6. -6. -6. -6. -6. -6. -6. -6. -6. -6.
 -6. -6.] [-5. -5. -5. -5. -5. -5. -5. -5. -5. -5. -5. -5. -5. -5. -5. -5. -5. -5.
 -5. -5.] [-4. -4. -4. -4. -4. -4. -4. -4. -4. -4. -4. -4. -4. -4. -4. -4. -4. -4.
 -4. -4.] [-2. -2. -2. -2. -2. -2. -2. -2. -2. -2. -2. -2. -2. -2. -2. -2. -2. -2.
 -2. -2.] [-1. -1. -1. -1. -1. -1. -1. -1. -1. -1. -1. -1. -1. -1. -1. -1. -1. -1.
 -1. -1.] [0. 0. 0. 0. 0. 0. 0. 0. 0. 0. 0. 0. 0. 0. 0. 0. 0. 0. 0. 0.] [2. 2. 2. 2. 2. 2. 2. 2. 2. 2. 2. 2. 2. 2. 2. 2. 2. 2. 2. 2.] [3. 3. 3. 3. 3. 3. 3. 3. 3. 3. 3. 3. 3. 3. 3. 3. 3. 3. 3. 3.] [4. 4. 4. 4. 4. 4. 4. 4. 4. 4. 4. 4. 4. 4. 4. 4. 4. 4. 4. 4.] [6. 6. 6. 6. 6. 6. 6. 6. 6. 6. 6. 6. 6. 6. 6. 6. 6. 6. 6. 6.] [7. 7. 7. 7. 7. 7. 7. 7. 7. 7. 7. 7. 7. 7. 7. 7. 7. 7. 7. 7.] [8. 8. 8. 8. 8. 8. 8. 8. 8. 8. 8. 8. 8. 8. 8. 8. 8. 8. 8. 8.] [10. 10. 10. 10. 10. 10. 10. 10. 10. 10. 10. 10. 10. 10. 10. 10. 10. 10.
 10. 10.] [11. 11. 11. 11. 11. 11. 11. 11. 11. 11. 11. 11. 11. 11. 11. 11. 11. 11.
 11. 11.] [12. 12. 12. 12. 12. 12. 12. 12. 12. 12. 12. 12. 12. 12. 12. 12. 12. 12.
 12. 12.] [14. 14. 14. 14. 14. 14. 14. 14. 14. 14. 14. 14. 14. 14. 14. 14. 14. 14.
 14. 14.] [15. 15. 15. 15. 15. 15. 15. 15. 15. 15. 15. 15. 15. 15. 15. 15. 15. 15.
 15. 15.] [16. 16. 16. 16. 16. 16. 16. 16. 16. 16. 16. 16. 16. 16. 16. 16. 16. 16.
 16. 16.] [17. 17. 17. 17. 17. 17. 17. 17. 17. 17. 17. 17. 17. 17. 17. 17. 17. 17.
 17. 17.] Cost [1681.62209273 1681.62209273 1681.62209273 1681.62209273 1680.8155702
 1681.4809716  1690.08392663 1692.29810074 1699.17198544 1719.19911961
 1743.45444269 1746.59672608 1763.48901881 1763.48901881 1763.48901881
 1763.48901881 1763.48901881 1763.48901881 1763.48901881 1763.48901881] [1677.56452406 1677.56452406 1677.56452406 1677.56452406 1676.75800153
 1677.42340294 1682.98407972 1685.19825384 1687.25195764 1707.2790918
 1731.53441489 1734.67669828 1751.56899101 1751.56899101 1751.56899101
 1751.56899101 1751.56899101 1751.56899101 1751.56899101 1751.56899101] [1647.17095131 1647.17095131 1646.05704063 1646.05704063 1645.25051811
 1645.91591951 1651.77725415 1658.24204982 1656.02893753 1672.16568179
 1696.42100487 1701.25792094 1718.15021367 1718.15021367 1718.15021367
 1718.15021367 1718.15021367 1718.15021367 1718.15021367 1718.15021367] [1638.05571511 1638.05571511 1636.64449936 1636.64449936 1635.96858979
 1632.28086407 1625.30656113 1628.18752421 1622.23679724 1638.48964373
 1665.35901069 1670.19592676 1687.08821949 1687.08821949 1687.08821949
 1687.08821949 1687.08821949 1687.08821949 1687.08821949 1687.08821949] [1575.76456425 1575.76456425 1574.35334849 1574.35334849 1561.67869545
 1551.11673874 1526.00775171 1506.81665745 1490.89428804 1506.19962683
 1579.753812   1585.71374436 1602.98349429 1602.98331855 1602.98331855
 1602.98331855 1602.98331855 1602.98331855 1602.98331855 1602.98331855] [1552.48138247 1552.48138247 1551.36747179 1551.36747179 1537.49497532
 1519.09915149 1468.82918679 1422.34135531 1399.87024234 1405.23844234
 1471.65816643 1484.13800914 1501.41517276 1501.41442682 1501.41438981
 1501.41438981 1501.41438981 1501.41438981 1501.41438981 1501.41438981] [1448.96786487 1448.96786487 1448.96786487 1448.79613648 1426.2488377
 1420.42778708 1395.49925776 1394.00131364 1398.21830967 1406.417195
 1393.19749702 1386.70894797 1402.74718174 1411.28990842 1411.28990842
 1411.28990842 1411.28990842 1411.28990842 1411.28990842 1411.28990842] [1436.8179616  1436.8179616  1436.8179616  1436.8179616  1432.4521657
 1431.57263606 1425.42627547 1423.70597962 1409.10229108 1407.76666797
 1416.05668761 1429.16024832 1428.62843504 1429.02806353 1424.7640339
 1425.2247442  1425.84756568 1442.34120998 1440.63923366 1440.63923366] [1397.48478033 1397.48478033 1397.48478033 1397.48478033 1392.02978765
 1391.72133795 1390.68965039 1389.29220954 1378.43345677 1379.89443103
 1386.88726322 1397.34013953 1394.5728172  1394.96724825 1391.51536142
 1393.6232902  1394.39356642 1412.69741281 1412.437694   1412.437694  ] [1393.1742244  1393.1742244  1393.1742244  1393.1742244  1387.74928592
 1387.44619768 1385.97525802 1383.8564317  1374.65780238 1376.5764757
 1383.82753684 1394.98566933 1392.9372327  1393.30650629 1389.95003129
 1392.33717951 1393.10745573 1411.33579506 1411.27547934 1411.27547934] [1395.29647828 1395.29647828 1395.29647828 1395.29647828 1389.65010244
 1389.3121395  1387.67319028 1385.2410446  1376.34098384 1378.66596193
 1386.73811595 1397.66114612 1395.91678472 1395.48807204 1391.97127678
 1395.05750122 1395.75015664 1413.81290088 1413.64590485 1413.64590485] [1385.62409228 1385.62409228 1385.62409228 1385.62409228 1380.00387019
 1379.66545759 1378.6644575  1376.71602533 1367.81327842 1368.78612272
 1376.09506909 1389.12411889 1387.33235997 1387.67326084 1384.28906202
 1386.92787389 1387.68902884 1405.74079754 1405.59951252 1405.59951252] [1387.93308125 1387.93308125 1387.93308125 1387.93308125 1382.34234848
 1382.00393293 1380.92364911 1380.64863631 1371.97336564 1372.66083868
 1381.55409431 1393.67826202 1392.47992317 1392.5473906  1386.50985389
 1389.20810225 1389.96925719 1410.41484487 1410.23099583 1410.23099583] [1395.62912771 1395.62912771 1395.62912771 1395.62912771 1390.65539728
 1390.31915542 1386.98921645 1384.21025692 1371.59543974 1372.00268032
 1379.63113817 1393.84281475 1391.26424283 1391.2227248  1387.09649588
 1389.82625928 1390.58741422 1409.70951018 1409.51956754 1409.51956754] [1400.52165861 1400.52165861 1400.52165861 1400.52165861 1395.5142818
 1395.17803492 1391.66450683 1387.91133149 1375.94526664 1375.81497998
 1382.95811472 1395.49349147 1393.00803529 1392.72716814 1390.3019499
 1391.26246235 1392.0236173  1411.14567749 1410.95964713 1410.95964713] [1399.07417898 1399.07417898 1399.07417898 1399.07417898 1394.14705505
 1393.81080817 1391.6324666  1388.05436071 1375.96659915 1375.797772
 1382.88807172 1396.93075352 1395.55106811 1395.76055738 1393.38330779
 1393.69278931 1394.45394425 1412.66280298 1412.38072897 1412.38072897] [1402.02910427 1402.02910427 1402.02910427 1402.02910427 1397.10198035
 1396.76573347 1395.36613438 1391.80887217 1379.69109218 1379.51489081
 1385.35854839 1399.47892967 1398.09910043 1398.95946888 1396.58221929
 1396.89170081 1397.65285575 1415.09704949 1414.18540645 1414.18540645] [1404.59486236 1404.59486236 1404.59486236 1404.59486236 1399.66773843
 1399.33149155 1397.9320553  1394.37479309 1382.43522312 1382.25902175
 1388.07673279 1401.72667991 1400.12925356 1400.99822355 1398.61899227
 1398.98256433 1399.60578577 1417.04997952 1416.13833647 1416.13833647] [1404.39528963 1404.39528963 1404.39528963 1404.39528963 1399.4681657
 1399.13191882 1397.73248258 1394.17522036 1382.23565039 1382.05944903
 1387.87716007 1401.52710719 1399.92968084 1400.79865083 1398.41941954
 1398.7829916  1399.40621305 1416.85040679 1415.93876375 1415.93876375] [1404.41115538 1404.41115538 1404.41115538 1404.41115538 1399.48403145
 1399.14778457 1397.74834833 1394.19108611 1382.25151614 1382.07531478
 1387.89302582 1401.54297294 1399.94554659 1400.82242854 1398.44319725
 1398.80676931 1399.42999075 1416.8741845  1415.96254145 1415.96254145]