pos.HomophilyAge [-3. -3. -3. -2. -2. -2. -1. -1. -1.  0.  0.  1.  1.  1.  2.  2.  2.  3.
  3.  3.] [-3. -3. -3. -2. -2. -2. -1. -1. -1.  0.  0.  1.  1.  1.  2.  2.  2.  3.
  3.  3.] [-3. -3. -3. -2. -2. -2. -1. -1. -1.  0.  0.  1.  1.  1.  2.  2.  2.  3.
  3.  3.] [-3. -3. -3. -2. -2. -2. -1. -1. -1.  0.  0.  1.  1.  1.  2.  2.  2.  3.
  3.  3.] [-3. -3. -3. -2. -2. -2. -1. -1. -1.  0.  0.  1.  1.  1.  2.  2.  2.  3.
  3.  3.] [-3. -3. -3. -2. -2. -2. -1. -1. -1.  0.  0.  1.  1.  1.  2.  2.  2.  3.
  3.  3.] [-3. -3. -3. -2. -2. -2. -1. -1. -1.  0.  0.  1.  1.  1.  2.  2.  2.  3.
  3.  3.] [-3. -3. -3. -2. -2. -2. -1. -1. -1.  0.  0.  1.  1.  1.  2.  2.  2.  3.
  3.  3.] [-3. -3. -3. -2. -2. -2. -1. -1. -1.  0.  0.  1.  1.  1.  2.  2.  2.  3.
  3.  3.] [-3. -3. -3. -2. -2. -2. -1. -1. -1.  0.  0.  1.  1.  1.  2.  2.  2.  3.
  3.  3.] [-3. -3. -3. -2. -2. -2. -1. -1. -1.  0.  0.  1.  1.  1.  2.  2.  2.  3.
  3.  3.] [-3. -3. -3. -2. -2. -2. -1. -1. -1.  0.  0.  1.  1.  1.  2.  2.  2.  3.
  3.  3.] [-3. -3. -3. -2. -2. -2. -1. -1. -1.  0.  0.  1.  1.  1.  2.  2.  2.  3.
  3.  3.] [-3. -3. -3. -2. -2. -2. -1. -1. -1.  0.  0.  1.  1.  1.  2.  2.  2.  3.
  3.  3.] [-3. -3. -3. -2. -2. -2. -1. -1. -1.  0.  0.  1.  1.  1.  2.  2.  2.  3.
  3.  3.] [-3. -3. -3. -2. -2. -2. -1. -1. -1.  0.  0.  1.  1.  1.  2.  2.  2.  3.
  3.  3.] [-3. -3. -3. -2. -2. -2. -1. -1. -1.  0.  0.  1.  1.  1.  2.  2.  2.  3.
  3.  3.] [-3. -3. -3. -2. -2. -2. -1. -1. -1.  0.  0.  1.  1.  1.  2.  2.  2.  3.
  3.  3.] [-3. -3. -3. -2. -2. -2. -1. -1. -1.  0.  0.  1.  1.  1.  2.  2.  2.  3.
  3.  3.] [-3. -3. -3. -2. -2. -2. -1. -1. -1.  0.  0.  1.  1.  1.  2.  2.  2.  3.
  3.  3.] pos.CompareDistance [-4. -4. -4. -4. -4. -4. -4. -4. -4. -4. -4. -4. -4. -4. -4. -4. -4. -4.
 -4. -4.] [-4. -4. -4. -4. -4. -4. -4. -4. -4. -4. -4. -4. -4. -4. -4. -4. -4. -4.
 -4. -4.] [-3. -3. -3. -3. -3. -3. -3. -3. -3. -3. -3. -3. -3. -3. -3. -3. -3. -3.
 -3. -3.] [-3. -3. -3. -3. -3. -3. -3. -3. -3. -3. -3. -3. -3. -3. -3. -3. -3. -3.
 -3. -3.] [-2. -2. -2. -2. -2. -2. -2. -2. -2. -2. -2. -2. -2. -2. -2. -2. -2. -2.
 -2. -2.] [-2. -2. -2. -2. -2. -2. -2. -2. -2. -2. -2. -2. -2. -2. -2. -2. -2. -2.
 -2. -2.] [-1. -1. -1. -1. -1. -1. -1. -1. -1. -1. -1. -1. -1. -1. -1. -1. -1. -1.
 -1. -1.] [0. 0. 0. 0. 0. 0. 0. 0. 0. 0. 0. 0. 0. 0. 0. 0. 0. 0. 0. 0.] [0. 0. 0. 0. 0. 0. 0. 0. 0. 0. 0. 0. 0. 0. 0. 0. 0. 0. 0. 0.] [1. 1. 1. 1. 1. 1. 1. 1. 1. 1. 1. 1. 1. 1. 1. 1. 1. 1. 1. 1.] [1. 1. 1. 1. 1. 1. 1. 1. 1. 1. 1. 1. 1. 1. 1. 1. 1. 1. 1. 1.] [2. 2. 2. 2. 2. 2. 2. 2. 2. 2. 2. 2. 2. 2. 2. 2. 2. 2. 2. 2.] [2. 2. 2. 2. 2. 2. 2. 2. 2. 2. 2. 2. 2. 2. 2. 2. 2. 2. 2. 2.] [3. 3. 3. 3. 3. 3. 3. 3. 3. 3. 3. 3. 3. 3. 3. 3. 3. 3. 3. 3.] [4. 4. 4. 4. 4. 4. 4. 4. 4. 4. 4. 4. 4. 4. 4. 4. 4. 4. 4. 4.] [4. 4. 4. 4. 4. 4. 4. 4. 4. 4. 4. 4. 4. 4. 4. 4. 4. 4. 4. 4.] [5. 5. 5. 5. 5. 5. 5. 5. 5. 5. 5. 5. 5. 5. 5. 5. 5. 5. 5. 5.] [5. 5. 5. 5. 5. 5. 5. 5. 5. 5. 5. 5. 5. 5. 5. 5. 5. 5. 5. 5.] [6. 6. 6. 6. 6. 6. 6. 6. 6. 6. 6. 6. 6. 6. 6. 6. 6. 6. 6. 6.] [6. 6. 6. 6. 6. 6. 6. 6. 6. 6. 6. 6. 6. 6. 6. 6. 6. 6. 6. 6.] Cost [1696.52847642 1696.52847642 1679.2543463  1651.76070927 1586.22398866
 1558.27162107 1534.60268612 1489.47385417 1486.10988426 1485.42188413
 1480.60576204 1480.10164556 1473.84964487 1475.44271373 1500.39371319
 1508.7458018  1508.7458018  1513.04849111 1513.12193453 1513.12193453] [1696.52847642 1696.52847642 1679.2543463  1651.76070927 1586.22398866
 1558.27162107 1534.60268612 1489.47385417 1486.10988426 1485.42188413
 1480.60576204 1480.10164556 1473.84964487 1475.44271373 1500.39371319
 1508.7458018  1508.7458018  1513.04849111 1513.12193453 1513.12193453] [1696.42662873 1696.42662873 1679.15249861 1651.65886158 1586.12214097
 1558.16977338 1534.50083843 1489.39790415 1486.03393424 1485.3459341
 1480.52981201 1480.02569553 1473.77369484 1475.36676371 1500.31776317
 1508.66985177 1508.66985177 1512.97254109 1513.04598451 1513.04598451] [1696.159639   1696.159639   1678.88550888 1651.39187185 1585.85515124
 1557.90278365 1534.2338487  1489.12955182 1485.79646908 1485.1099776
 1480.29385551 1479.6312736  1473.39086382 1474.98393269 1499.93493215
 1508.28703964 1508.28703964 1512.58972896 1512.66317237 1512.66317237] [1706.16061499 1706.16061499 1688.88648487 1661.39284784 1595.85612723
 1567.90375964 1544.23482469 1499.13052781 1495.79744507 1495.11037121
 1490.37880834 1489.71622643 1483.47581665 1485.06888552 1510.01988498
 1518.37199247 1518.37199247 1522.67468178 1522.7481252  1522.7481252 ] [1675.19424166 1675.19424166 1657.92011154 1630.42647451 1564.89056841
 1536.8782906  1513.20697447 1467.04438651 1463.02071445 1461.83533429
 1457.27925491 1459.93767777 1462.04002561 1466.66377176 1491.61477122
 1503.34041368 1503.34041368 1507.643103   1507.71654642 1507.71654642] [1599.38985349 1599.38985349 1582.11572337 1554.6227014  1489.0867953
 1461.05432432 1437.34483811 1378.99887976 1374.60209705 1373.40639822
 1369.10152273 1374.5081065  1380.09464135 1384.71797233 1409.64577113
 1421.4031171  1421.4031171  1425.70580641 1425.77924983 1425.77924983] [1577.25328375 1577.25328375 1559.97915364 1532.48609566 1466.91898335
 1440.49873206 1420.0432273  1362.77877742 1358.61033466 1358.65168724
 1354.11231402 1359.95128538 1365.42728243 1370.14615657 1377.41262017
 1389.19114632 1389.19114632 1393.71268919 1393.78613346 1393.78613346] [1562.94639242 1562.94639242 1545.67226231 1518.18791005 1452.4558207
 1426.03832207 1405.51785722 1361.05468231 1356.7811816  1356.66229699
 1352.0008919  1359.97137973 1363.63637681 1368.39514112 1375.82598058
 1388.82000291 1388.82000291 1393.33955524 1393.41299951 1393.41299951] [1553.66658257 1553.66658257 1536.39245246 1508.86554959 1443.13469794
 1416.89314537 1396.53068229 1352.64163856 1350.06513757 1349.62562401
 1344.69427934 1353.52331361 1356.89780874 1361.54917795 1369.05481953
 1381.34277333 1381.34277333 1386.11186899 1386.18806816 1386.18806816] [1548.41055868 1548.41055868 1531.13642857 1503.62004888 1438.12186233
 1413.54970198 1393.19167794 1349.18544383 1344.45875392 1344.26688248
 1339.32449723 1348.30075045 1353.91145817 1358.5843793  1366.09047551
 1378.41137582 1378.41137582 1383.18047149 1383.25668113 1383.25668113] [1560.14853402 1560.14853402 1542.87440391 1515.33533613 1449.83696255
 1425.28101204 1404.94385337 1363.52099436 1360.06943582 1360.02873625
 1355.40986394 1363.57829999 1364.17698627 1368.75091114 1376.25521266
 1388.53582574 1388.53582574 1393.30492141 1393.38113106 1393.38113106] [1584.32491254 1584.32491254 1567.05078243 1539.51171465 1474.8113521
 1457.69222316 1442.3037448  1400.88088579 1397.07580137 1398.14894057
 1384.93234451 1391.35220424 1391.88374338 1396.45774872 1403.00051536
 1415.28112844 1415.28112844 1420.05020251 1420.12641215 1420.12641215] [1603.74862245 1603.74862245 1586.47449234 1558.93542456 1494.23506201
 1477.14490761 1461.75642926 1428.86657274 1428.26704674 1429.47106065
 1416.21122126 1416.95849064 1417.45569964 1422.01021209 1428.55297874
 1432.31621632 1432.31621632 1437.08529038 1437.16150003 1437.16150003] [1603.74862245 1603.74862245 1586.47449234 1558.93542456 1494.23506201
 1477.14490761 1461.75642926 1428.96756819 1428.36804219 1429.5720561
 1416.31221672 1417.05948609 1417.51155548 1422.06606793 1428.60883457
 1432.37207216 1432.37207216 1437.14114622 1437.21735587 1437.21735587] [1603.74862245 1603.74862245 1586.47449234 1558.93542456 1494.23506201
 1477.14490761 1461.75642926 1428.96756819 1428.36804219 1429.5720561
 1416.31221672 1417.05948609 1417.51155548 1422.06606793 1428.60883457
 1432.37207216 1432.37207216 1437.14114622 1437.21735587 1437.21735587] [1603.74862245 1603.74862245 1586.47449234 1558.93542456 1494.23506201
 1477.14490761 1461.75642926 1428.96756819 1428.36804219 1429.5720561
 1416.31221672 1417.05948609 1417.51155548 1422.06606793 1428.60883457
 1432.37207216 1432.37207216 1437.14114622 1437.21735587 1437.21735587] [1603.74862245 1603.74862245 1586.47449234 1558.93542456 1494.23506201
 1477.14490761 1461.75642926 1428.96756819 1428.36804219 1429.5720561
 1416.31221672 1417.05948609 1417.51155548 1422.06606793 1428.60883457
 1432.37207216 1432.37207216 1437.14114622 1437.21735587 1437.21735587] [1603.74862245 1603.74862245 1586.47449234 1558.93542456 1494.23506201
 1477.14490761 1461.75642926 1428.96756819 1428.36804219 1429.5720561
 1416.31221672 1417.05948609 1417.51155548 1422.06606793 1428.60883457
 1432.37207216 1432.37207216 1437.14114622 1437.21735587 1437.21735587] [1603.74862245 1603.74862245 1586.47449234 1558.93542456 1494.23506201
 1477.14490761 1461.75642926 1428.96756819 1428.36804219 1429.5720561
 1416.31221672 1417.05948609 1417.51155548 1422.06606793 1428.60883457
 1432.37207216 1432.37207216 1437.14114622 1437.21735587 1437.21735587]