pos.flee.migrate [0. 0. 0. 1. 1. 1. 2. 2. 2. 3. 3. 4. 4. 4. 5. 5. 5. 6. 6. 6.] [0. 0. 0. 1. 1. 1. 2. 2. 2. 3. 3. 4. 4. 4. 5. 5. 5. 6. 6. 6.] [0. 0. 0. 1. 1. 1. 2. 2. 2. 3. 3. 4. 4. 4. 5. 5. 5. 6. 6. 6.] [0. 0. 0. 1. 1. 1. 2. 2. 2. 3. 3. 4. 4. 4. 5. 5. 5. 6. 6. 6.] [0. 0. 0. 1. 1. 1. 2. 2. 2. 3. 3. 4. 4. 4. 5. 5. 5. 6. 6. 6.] [0. 0. 0. 1. 1. 1. 2. 2. 2. 3. 3. 4. 4. 4. 5. 5. 5. 6. 6. 6.] [0. 0. 0. 1. 1. 1. 2. 2. 2. 3. 3. 4. 4. 4. 5. 5. 5. 6. 6. 6.] [0. 0. 0. 1. 1. 1. 2. 2. 2. 3. 3. 4. 4. 4. 5. 5. 5. 6. 6. 6.] [0. 0. 0. 1. 1. 1. 2. 2. 2. 3. 3. 4. 4. 4. 5. 5. 5. 6. 6. 6.] [0. 0. 0. 1. 1. 1. 2. 2. 2. 3. 3. 4. 4. 4. 5. 5. 5. 6. 6. 6.] [0. 0. 0. 1. 1. 1. 2. 2. 2. 3. 3. 4. 4. 4. 5. 5. 5. 6. 6. 6.] [0. 0. 0. 1. 1. 1. 2. 2. 2. 3. 3. 4. 4. 4. 5. 5. 5. 6. 6. 6.] [0. 0. 0. 1. 1. 1. 2. 2. 2. 3. 3. 4. 4. 4. 5. 5. 5. 6. 6. 6.] [0. 0. 0. 1. 1. 1. 2. 2. 2. 3. 3. 4. 4. 4. 5. 5. 5. 6. 6. 6.] [0. 0. 0. 1. 1. 1. 2. 2. 2. 3. 3. 4. 4. 4. 5. 5. 5. 6. 6. 6.] [0. 0. 0. 1. 1. 1. 2. 2. 2. 3. 3. 4. 4. 4. 5. 5. 5. 6. 6. 6.] [0. 0. 0. 1. 1. 1. 2. 2. 2. 3. 3. 4. 4. 4. 5. 5. 5. 6. 6. 6.] [0. 0. 0. 1. 1. 1. 2. 2. 2. 3. 3. 4. 4. 4. 5. 5. 5. 6. 6. 6.] [0. 0. 0. 1. 1. 1. 2. 2. 2. 3. 3. 4. 4. 4. 5. 5. 5. 6. 6. 6.] [0. 0. 0. 1. 1. 1. 2. 2. 2. 3. 3. 4. 4. 4. 5. 5. 5. 6. 6. 6.] pos.CompareDistance [-4. -4. -4. -4. -4. -4. -4. -4. -4. -4. -4. -4. -4. -4. -4. -4. -4. -4.
 -4. -4.] [-4. -4. -4. -4. -4. -4. -4. -4. -4. -4. -4. -4. -4. -4. -4. -4. -4. -4.
 -4. -4.] [-3. -3. -3. -3. -3. -3. -3. -3. -3. -3. -3. -3. -3. -3. -3. -3. -3. -3.
 -3. -3.] [-3. -3. -3. -3. -3. -3. -3. -3. -3. -3. -3. -3. -3. -3. -3. -3. -3. -3.
 -3. -3.] [-2. -2. -2. -2. -2. -2. -2. -2. -2. -2. -2. -2. -2. -2. -2. -2. -2. -2.
 -2. -2.] [-2. -2. -2. -2. -2. -2. -2. -2. -2. -2. -2. -2. -2. -2. -2. -2. -2. -2.
 -2. -2.] [-1. -1. -1. -1. -1. -1. -1. -1. -1. -1. -1. -1. -1. -1. -1. -1. -1. -1.
 -1. -1.] [0. 0. 0. 0. 0. 0. 0. 0. 0. 0. 0. 0. 0. 0. 0. 0. 0. 0. 0. 0.] [0. 0. 0. 0. 0. 0. 0. 0. 0. 0. 0. 0. 0. 0. 0. 0. 0. 0. 0. 0.] [1. 1. 1. 1. 1. 1. 1. 1. 1. 1. 1. 1. 1. 1. 1. 1. 1. 1. 1. 1.] [1. 1. 1. 1. 1. 1. 1. 1. 1. 1. 1. 1. 1. 1. 1. 1. 1. 1. 1. 1.] [2. 2. 2. 2. 2. 2. 2. 2. 2. 2. 2. 2. 2. 2. 2. 2. 2. 2. 2. 2.] [2. 2. 2. 2. 2. 2. 2. 2. 2. 2. 2. 2. 2. 2. 2. 2. 2. 2. 2. 2.] [3. 3. 3. 3. 3. 3. 3. 3. 3. 3. 3. 3. 3. 3. 3. 3. 3. 3. 3. 3.] [4. 4. 4. 4. 4. 4. 4. 4. 4. 4. 4. 4. 4. 4. 4. 4. 4. 4. 4. 4.] [4. 4. 4. 4. 4. 4. 4. 4. 4. 4. 4. 4. 4. 4. 4. 4. 4. 4. 4. 4.] [5. 5. 5. 5. 5. 5. 5. 5. 5. 5. 5. 5. 5. 5. 5. 5. 5. 5. 5. 5.] [5. 5. 5. 5. 5. 5. 5. 5. 5. 5. 5. 5. 5. 5. 5. 5. 5. 5. 5. 5.] [6. 6. 6. 6. 6. 6. 6. 6. 6. 6. 6. 6. 6. 6. 6. 6. 6. 6. 6. 6.] [6. 6. 6. 6. 6. 6. 6. 6. 6. 6. 6. 6. 6. 6. 6. 6. 6. 6. 6. 6.] Cost [1567.81646224 1567.81646224 1552.31932639 1555.97160261 1548.20085176
 1555.00136422 1556.16805824 1567.04799939 1551.1260144  1534.01431485
 1529.52297563 1525.88431598 1518.82408596 1518.94589472 1518.94589472
 1518.94589472 1518.94589472 1518.94589472 1518.94589472 1518.94589472] [1567.81646224 1567.81646224 1552.31932639 1555.97160261 1548.20085176
 1555.00136422 1556.16805824 1567.04799939 1551.1260144  1534.01431485
 1529.52297563 1525.88431598 1518.82408596 1518.94589472 1518.94589472
 1518.94589472 1518.94589472 1518.94589472 1518.94589472 1518.94589472] [1567.81646224 1567.81646224 1552.31932639 1555.97160261 1548.31273827
 1555.07000292 1556.23669694 1567.11663809 1550.95000982 1533.83831027
 1529.34697105 1525.7083114  1518.64808138 1518.76989014 1518.76989014
 1518.76989014 1518.76989014 1518.76989014 1518.76989014 1518.76989014] [1566.50964895 1566.50964895 1551.02808016 1554.65181118 1546.99288412
 1555.04962057 1556.21631458 1567.09625573 1550.92962746 1533.81792791
 1529.32658869 1525.68792904 1518.62769903 1518.74950778 1518.74950778
 1518.74950778 1518.74950778 1518.74950778 1518.74950778 1518.74950778] [1573.7078168  1573.7078168  1559.40430617 1563.02803719 1559.01993155
 1567.07810109 1568.24479511 1577.95176145 1560.99133521 1543.87963566
 1539.38829643 1535.74963678 1528.68940677 1528.81121553 1528.81121553
 1528.81121553 1528.81121553 1528.81121553 1528.81121553 1528.81121553] [1541.59275883 1541.59275883 1536.24164473 1536.96973031 1530.71317256
 1539.85211683 1541.04780924 1550.26239023 1536.28370307 1519.81055821
 1515.27295891 1511.921771   1504.86153263 1504.98334139 1504.98334139
 1504.98334139 1504.98334139 1504.98334139 1504.98334139 1504.98334139] [1451.19329383 1451.19329383 1443.76650654 1442.38088629 1436.23355825
 1445.88015359 1447.55451125 1456.7201285  1442.19746472 1428.04863239
 1423.38912798 1438.95863656 1439.73339618 1439.85341919 1439.85341919
 1439.85341919 1439.85341919 1439.85341919 1439.85341919 1439.85341919] [1438.81411082 1438.81411082 1428.82284516 1426.18284348 1416.96809115
 1423.87610881 1425.25893995 1434.60845562 1420.34927924 1403.33690688
 1398.18738582 1413.73433989 1414.44799766 1414.56178446 1414.56178446
 1414.56178446 1414.56178446 1413.24763022 1413.24763022 1413.24763022] [1440.31732747 1440.31732747 1430.61438661 1427.42613018 1418.3410601
 1415.1714729  1416.70679667 1424.13969873 1411.28230346 1394.30536003
 1389.50820316 1405.06135976 1406.24832372 1406.39515071 1406.39515071
 1406.39515071 1406.39515071 1405.08099647 1405.08099647 1405.08099647] [1438.57390858 1438.57390858 1425.44346351 1420.60022243 1410.09602188
 1408.42163003 1409.55659142 1415.73939549 1400.51291146 1385.6447191
 1381.21833952 1396.20103215 1397.22606285 1397.38633819 1397.38633819
 1397.38633819 1397.38633819 1396.07218395 1396.07218395 1396.07218395] [1439.23665618 1439.23665618 1421.08718412 1414.010996   1402.02639821
 1397.00733205 1398.01275185 1404.33064015 1397.25189541 1383.85018468
 1379.49459348 1393.91576373 1394.8128485  1394.97302818 1394.97302818
 1394.97302818 1394.97302818 1393.47356886 1393.47356886 1393.47356886] [1453.82990092 1453.82990092 1434.87335238 1426.09718543 1414.42444626
 1410.20455788 1411.212897   1416.17401432 1408.82802    1395.28290053
 1390.93729897 1405.3555422  1406.26695704 1406.42561961 1406.42561961
 1406.42561961 1406.42561961 1404.92616029 1404.92616029 1404.92616029] [1485.586722   1485.586722   1464.98107318 1456.02414787 1444.43561726
 1440.29853062 1440.97353977 1444.93648269 1437.60608317 1424.05870683
 1419.71170514 1434.15038651 1435.06190672 1435.17796388 1435.17796388
 1435.17796388 1435.17796388 1433.67850456 1433.67850456 1433.67850456] [1508.2503012  1508.2503012  1487.62375165 1478.4943898  1466.79263414
 1463.06408754 1463.60431383 1467.55385004 1460.233319   1446.70352369
 1442.35517826 1456.79385963 1457.33537243 1457.45933423 1457.45933423
 1457.45933423 1457.45933423 1455.9598749  1455.9598749  1455.9598749 ] [1508.29948771 1508.29948771 1487.67293817 1478.54357631 1466.84182065
 1463.11327406 1463.65350035 1467.60303656 1460.28250552 1446.75271021
 1442.40436478 1456.84304614 1457.38455894 1457.50852074 1457.50852074
 1457.50852074 1457.50852074 1456.00906142 1456.00906142 1456.00906142] [1508.29948771 1508.29948771 1487.67293817 1478.54357631 1466.84182065
 1463.11327406 1463.65350035 1467.60303656 1460.28250552 1446.75271021
 1442.40436478 1456.84304614 1457.38455894 1457.50852074 1457.50852074
 1457.50852074 1457.50852074 1456.00906142 1456.00906142 1456.00906142] [1508.29948771 1508.29948771 1487.67293817 1478.54357631 1466.84182065
 1463.11327406 1463.65350035 1467.60303656 1460.28250552 1446.75271021
 1442.40436478 1456.84304614 1457.38455894 1457.50852074 1457.50852074
 1457.50852074 1457.50852074 1456.00906142 1456.00906142 1456.00906142] [1508.29951501 1508.29951501 1487.67293817 1478.54357631 1466.84182065
 1463.11327406 1463.65350035 1467.60303656 1460.28250552 1446.75271021
 1442.40436478 1456.84304614 1457.38455894 1457.50852074 1457.50852074
 1457.50852074 1457.50852074 1456.00906142 1456.00906142 1456.00906142] [1508.29951501 1508.29951501 1487.67293817 1478.54357631 1466.84182065
 1463.11327406 1463.65350035 1467.60303656 1460.28250552 1446.75271021
 1442.40436478 1456.84304614 1457.38455894 1457.50852074 1457.50852074
 1457.50852074 1457.50852074 1456.00906142 1456.00906142 1456.00906142] [1508.29951501 1508.29951501 1487.67293817 1478.54357631 1466.84182065
 1463.11327406 1463.65350035 1467.60303656 1460.28250552 1446.75271021
 1442.40436478 1456.84304614 1457.38455894 1457.50852074 1457.50852074
 1457.50852074 1457.50852074 1456.00906142 1456.00906142 1456.00906142]