pos.SocialPresence [-5. -5. -4. -4. -3. -3. -2. -2. -1. -1.  0.  0.  1.  1.  2.  2.  3.  3.
  4.  4.] [-5. -5. -4. -4. -3. -3. -2. -2. -1. -1.  0.  0.  1.  1.  2.  2.  3.  3.
  4.  4.] [-5. -5. -4. -4. -3. -3. -2. -2. -1. -1.  0.  0.  1.  1.  2.  2.  3.  3.
  4.  4.] [-5. -5. -4. -4. -3. -3. -2. -2. -1. -1.  0.  0.  1.  1.  2.  2.  3.  3.
  4.  4.] [-5. -5. -4. -4. -3. -3. -2. -2. -1. -1.  0.  0.  1.  1.  2.  2.  3.  3.
  4.  4.] [-5. -5. -4. -4. -3. -3. -2. -2. -1. -1.  0.  0.  1.  1.  2.  2.  3.  3.
  4.  4.] [-5. -5. -4. -4. -3. -3. -2. -2. -1. -1.  0.  0.  1.  1.  2.  2.  3.  3.
  4.  4.] [-5. -5. -4. -4. -3. -3. -2. -2. -1. -1.  0.  0.  1.  1.  2.  2.  3.  3.
  4.  4.] [-5. -5. -4. -4. -3. -3. -2. -2. -1. -1.  0.  0.  1.  1.  2.  2.  3.  3.
  4.  4.] [-5. -5. -4. -4. -3. -3. -2. -2. -1. -1.  0.  0.  1.  1.  2.  2.  3.  3.
  4.  4.] [-5. -5. -4. -4. -3. -3. -2. -2. -1. -1.  0.  0.  1.  1.  2.  2.  3.  3.
  4.  4.] [-5. -5. -4. -4. -3. -3. -2. -2. -1. -1.  0.  0.  1.  1.  2.  2.  3.  3.
  4.  4.] [-5. -5. -4. -4. -3. -3. -2. -2. -1. -1.  0.  0.  1.  1.  2.  2.  3.  3.
  4.  4.] [-5. -5. -4. -4. -3. -3. -2. -2. -1. -1.  0.  0.  1.  1.  2.  2.  3.  3.
  4.  4.] [-5. -5. -4. -4. -3. -3. -2. -2. -1. -1.  0.  0.  1.  1.  2.  2.  3.  3.
  4.  4.] [-5. -5. -4. -4. -3. -3. -2. -2. -1. -1.  0.  0.  1.  1.  2.  2.  3.  3.
  4.  4.] [-5. -5. -4. -4. -3. -3. -2. -2. -1. -1.  0.  0.  1.  1.  2.  2.  3.  3.
  4.  4.] [-5. -5. -4. -4. -3. -3. -2. -2. -1. -1.  0.  0.  1.  1.  2.  2.  3.  3.
  4.  4.] [-5. -5. -4. -4. -3. -3. -2. -2. -1. -1.  0.  0.  1.  1.  2.  2.  3.  3.
  4.  4.] [-5. -5. -4. -4. -3. -3. -2. -2. -1. -1.  0.  0.  1.  1.  2.  2.  3.  3.
  4.  4.] pos.HomophilyCornStocks [-2. -2. -2. -2. -2. -2. -2. -2. -2. -2. -2. -2. -2. -2. -2. -2. -2. -2.
 -2. -2.] [-2. -2. -2. -2. -2. -2. -2. -2. -2. -2. -2. -2. -2. -2. -2. -2. -2. -2.
 -2. -2.] [-2. -2. -2. -2. -2. -2. -2. -2. -2. -2. -2. -2. -2. -2. -2. -2. -2. -2.
 -2. -2.] [-2. -2. -2. -2. -2. -2. -2. -2. -2. -2. -2. -2. -2. -2. -2. -2. -2. -2.
 -2. -2.] [-1. -1. -1. -1. -1. -1. -1. -1. -1. -1. -1. -1. -1. -1. -1. -1. -1. -1.
 -1. -1.] [-1. -1. -1. -1. -1. -1. -1. -1. -1. -1. -1. -1. -1. -1. -1. -1. -1. -1.
 -1. -1.] [-1. -1. -1. -1. -1. -1. -1. -1. -1. -1. -1. -1. -1. -1. -1. -1. -1. -1.
 -1. -1.] [-1. -1. -1. -1. -1. -1. -1. -1. -1. -1. -1. -1. -1. -1. -1. -1. -1. -1.
 -1. -1.] [0. 0. 0. 0. 0. 0. 0. 0. 0. 0. 0. 0. 0. 0. 0. 0. 0. 0. 0. 0.] [0. 0. 0. 0. 0. 0. 0. 0. 0. 0. 0. 0. 0. 0. 0. 0. 0. 0. 0. 0.] [0. 0. 0. 0. 0. 0. 0. 0. 0. 0. 0. 0. 0. 0. 0. 0. 0. 0. 0. 0.] [0. 0. 0. 0. 0. 0. 0. 0. 0. 0. 0. 0. 0. 0. 0. 0. 0. 0. 0. 0.] [1. 1. 1. 1. 1. 1. 1. 1. 1. 1. 1. 1. 1. 1. 1. 1. 1. 1. 1. 1.] [1. 1. 1. 1. 1. 1. 1. 1. 1. 1. 1. 1. 1. 1. 1. 1. 1. 1. 1. 1.] [1. 1. 1. 1. 1. 1. 1. 1. 1. 1. 1. 1. 1. 1. 1. 1. 1. 1. 1. 1.] [1. 1. 1. 1. 1. 1. 1. 1. 1. 1. 1. 1. 1. 1. 1. 1. 1. 1. 1. 1.] [2. 2. 2. 2. 2. 2. 2. 2. 2. 2. 2. 2. 2. 2. 2. 2. 2. 2. 2. 2.] [2. 2. 2. 2. 2. 2. 2. 2. 2. 2. 2. 2. 2. 2. 2. 2. 2. 2. 2. 2.] [2. 2. 2. 2. 2. 2. 2. 2. 2. 2. 2. 2. 2. 2. 2. 2. 2. 2. 2. 2.] [2. 2. 2. 2. 2. 2. 2. 2. 2. 2. 2. 2. 2. 2. 2. 2. 2. 2. 2. 2.] Cost [1428.5193572  1408.31815078 1392.2858984  1378.93124396 1376.87155374
 1376.95196233 1374.82240887 1373.99755051 1366.58432645 1365.45149435
 1368.20285497 1373.11876315 1382.40466746 1385.38208124 1390.90253133
 1390.86040085 1390.90836642 1391.801008   1392.3652226  1392.3652226 ] [1428.5193572  1408.31815078 1392.2858984  1378.93124396 1376.87155374
 1376.95196233 1374.82240887 1373.99755051 1366.58432645 1365.45149435
 1368.20285497 1373.11876315 1382.40466746 1385.38208124 1390.90253133
 1390.86040085 1390.90836642 1391.801008   1392.3652226  1392.3652226 ] [1428.52022978 1408.31902336 1392.28677098 1378.93211653 1376.87242632
 1376.95283491 1374.82328145 1373.99842309 1366.58519902 1365.45236693
 1368.20285497 1373.11876315 1382.40466746 1385.38208124 1390.90253133
 1390.86040085 1390.90836642 1391.801008   1392.3652226  1392.3652226 ] [1428.6714677  1408.47026127 1392.43800889 1379.08335445 1377.02366423
 1377.10407283 1374.97451936 1374.14964874 1366.73854198 1365.51680244
 1368.25161746 1373.16677625 1382.45270875 1385.38620953 1390.90723327
 1390.86510279 1390.91306836 1391.80570993 1392.36992453 1392.36992453] [1428.72895937 1408.52775295 1392.49550057 1379.14084612 1377.08115591
 1377.1615645  1375.03201104 1374.20714042 1366.79910622 1365.52929297
 1368.09776129 1373.00801327 1382.28560152 1385.21857755 1390.7396016
 1390.69729837 1390.74526394 1391.63790551 1392.20212011 1392.20212011] [1428.66645724 1408.46525081 1392.43299843 1379.07834399 1377.01865377
 1377.09906237 1374.9695089  1374.14463828 1366.73660408 1365.43432738
 1368.00284804 1372.90157649 1382.27007319 1385.20306516 1390.72408921
 1390.68178597 1390.72975155 1391.62239312 1392.18660772 1392.18660772] [1431.63056774 1410.45632622 1394.42153058 1381.06687614 1379.00718592
 1379.7384219  1377.60887243 1376.75579119 1369.71456951 1368.39337395
 1371.08880843 1376.00744081 1385.88912314 1388.5158215  1395.53904914
 1395.49662793 1395.54438909 1396.43703067 1397.00124527 1397.00124527] [1433.50057252 1412.326331   1396.29153536 1382.93696213 1380.87727183
 1381.60853179 1379.85370651 1379.00033256 1371.30902724 1370.63223761
 1372.91357586 1377.38185075 1388.993255   1389.54226435 1396.75246912
 1396.77723327 1396.86880854 1397.76145012 1398.32566472 1398.32566472] [1435.28635834 1414.10222518 1398.11595324 1384.76144665 1382.70175635
 1383.43301631 1381.66794283 1380.78294592 1373.07708782 1372.53019796
 1374.83046924 1378.8451312  1390.50424044 1391.08488327 1398.30159475
 1398.32323946 1398.39492808 1399.28756966 1399.85178426 1399.85178426] [1439.93717982 1418.75304665 1402.83514634 1389.48036741 1387.4206771
 1388.15193706 1386.61280724 1385.73105481 1378.03195209 1377.00290575
 1379.18626778 1383.31454206 1394.45891431 1394.97895381 1402.21360578
 1402.2450883  1402.31455306 1403.20823829 1403.77245289 1403.77245289] [1442.8662357  1421.68210254 1405.75973612 1392.40495719 1390.35411699
 1391.14994453 1389.55795207 1388.67421139 1380.97359835 1379.21890119
 1381.39847495 1384.79863951 1395.7853873  1396.19831777 1403.5012288
 1403.53027084 1403.55501496 1404.47958455 1405.0463895  1405.0463895 ] [1443.55319377 1422.3690606  1406.44160698 1393.08878193 1390.59560149
 1391.40231354 1389.39402602 1388.61280783 1380.86242093 1378.33401817
 1381.20292424 1384.89436445 1395.85139253 1396.20605125 1403.5396396
 1403.58431596 1403.61559625 1404.53677443 1405.11357462 1405.11357462] [1467.12985003 1445.94571687 1430.01873799 1394.40046756 1391.89045335
 1392.69715388 1390.68431119 1389.24509592 1380.89843329 1379.06845244
 1381.68704646 1386.25483376 1397.20115723 1397.50530554 1404.27312252
 1404.32797903 1404.35279616 1405.2734179  1405.84700274 1405.84700274] [1487.01113376 1465.82700059 1450.30878937 1414.69149125 1412.18147704
 1413.0696086  1411.06067729 1409.62655795 1401.28952274 1399.47224797
 1401.58676618 1404.93893529 1415.90366194 1416.15665188 1422.36456445
 1422.41107922 1422.43920743 1423.35982917 1423.93341401 1423.93341401] [1575.88708108 1554.70294792 1539.29446161 1503.67716349 1501.16044354
 1501.87829542 1499.86854151 1498.56031476 1490.27648587 1488.9603724
 1491.00904205 1494.22498466 1506.46566578 1506.71147649 1512.9178463
 1512.96148455 1512.99137969 1513.91204647 1514.19700778 1514.19700778] [1640.72981395 1650.20639187 1634.79790556 1599.18060744 1597.35590606
 1597.359611   1595.32014337 1594.86737536 1586.57434139 1585.24453763
 1587.31277785 1590.46885216 1602.48492514 1602.71911095 1608.57112797
 1608.62427626 1608.65437029 1609.57399342 1609.85895473 1609.85895473] [1718.29496772 1727.77154564 1712.36305933 1690.21900378 1688.3943024
 1688.39434778 1686.82780129 1687.01744012 1678.90164237 1677.66351673
 1680.00322914 1682.96098274 1694.92716876 1695.09105081 1700.89284099
 1700.94603915 1700.95247167 1701.85778637 1702.14274768 1702.14274768] [1756.07715115 1765.55372907 1750.14524276 1728.00118721 1726.17687521
 1726.17687521 1724.61032873 1724.78263536 1717.54505214 1716.31549742
 1720.01224697 1723.26445131 1735.52284578 1735.68448637 1741.48615353
 1741.53626824 1741.56287067 1742.46818537 1742.75314668 1742.75314668] [1756.11316214 1765.58974006 1750.18125375 1728.0371982  1726.2128862
 1726.2128862  1724.64633972 1724.81864635 1717.58106313 1716.35150841
 1720.04825796 1723.3004623  1735.55885677 1735.72049736 1741.52216452
 1741.57227923 1741.59888166 1742.50419636 1742.78915767 1742.78915767] [1756.11316214 1765.58974006 1750.18125375 1728.0371982  1726.2128862
 1726.2128862  1724.64633972 1724.81864635 1717.58106313 1716.35150841
 1720.04825796 1723.3004623  1735.55885677 1735.72049736 1741.52216452
 1741.57227923 1741.59888166 1742.50419636 1742.78915767 1742.78915767]