pos.HomophilyCornStocks [-2. -2. -2. -2. -1. -1. -1. -1.  0.  0.  0.  0.  1.  1.  1.  1.  2.  2.
  2.  2.] [-2. -2. -2. -2. -1. -1. -1. -1.  0.  0.  0.  0.  1.  1.  1.  1.  2.  2.
  2.  2.] [-2. -2. -2. -2. -1. -1. -1. -1.  0.  0.  0.  0.  1.  1.  1.  1.  2.  2.
  2.  2.] [-2. -2. -2. -2. -1. -1. -1. -1.  0.  0.  0.  0.  1.  1.  1.  1.  2.  2.
  2.  2.] [-2. -2. -2. -2. -1. -1. -1. -1.  0.  0.  0.  0.  1.  1.  1.  1.  2.  2.
  2.  2.] [-2. -2. -2. -2. -1. -1. -1. -1.  0.  0.  0.  0.  1.  1.  1.  1.  2.  2.
  2.  2.] [-2. -2. -2. -2. -1. -1. -1. -1.  0.  0.  0.  0.  1.  1.  1.  1.  2.  2.
  2.  2.] [-2. -2. -2. -2. -1. -1. -1. -1.  0.  0.  0.  0.  1.  1.  1.  1.  2.  2.
  2.  2.] [-2. -2. -2. -2. -1. -1. -1. -1.  0.  0.  0.  0.  1.  1.  1.  1.  2.  2.
  2.  2.] [-2. -2. -2. -2. -1. -1. -1. -1.  0.  0.  0.  0.  1.  1.  1.  1.  2.  2.
  2.  2.] [-2. -2. -2. -2. -1. -1. -1. -1.  0.  0.  0.  0.  1.  1.  1.  1.  2.  2.
  2.  2.] [-2. -2. -2. -2. -1. -1. -1. -1.  0.  0.  0.  0.  1.  1.  1.  1.  2.  2.
  2.  2.] [-2. -2. -2. -2. -1. -1. -1. -1.  0.  0.  0.  0.  1.  1.  1.  1.  2.  2.
  2.  2.] [-2. -2. -2. -2. -1. -1. -1. -1.  0.  0.  0.  0.  1.  1.  1.  1.  2.  2.
  2.  2.] [-2. -2. -2. -2. -1. -1. -1. -1.  0.  0.  0.  0.  1.  1.  1.  1.  2.  2.
  2.  2.] [-2. -2. -2. -2. -1. -1. -1. -1.  0.  0.  0.  0.  1.  1.  1.  1.  2.  2.
  2.  2.] [-2. -2. -2. -2. -1. -1. -1. -1.  0.  0.  0.  0.  1.  1.  1.  1.  2.  2.
  2.  2.] [-2. -2. -2. -2. -1. -1. -1. -1.  0.  0.  0.  0.  1.  1.  1.  1.  2.  2.
  2.  2.] [-2. -2. -2. -2. -1. -1. -1. -1.  0.  0.  0.  0.  1.  1.  1.  1.  2.  2.
  2.  2.] [-2. -2. -2. -2. -1. -1. -1. -1.  0.  0.  0.  0.  1.  1.  1.  1.  2.  2.
  2.  2.] pos.CompareYield [-3. -3. -3. -3. -3. -3. -3. -3. -3. -3. -3. -3. -3. -3. -3. -3. -3. -3.
 -3. -3.] [-3. -3. -3. -3. -3. -3. -3. -3. -3. -3. -3. -3. -3. -3. -3. -3. -3. -3.
 -3. -3.] [-3. -3. -3. -3. -3. -3. -3. -3. -3. -3. -3. -3. -3. -3. -3. -3. -3. -3.
 -3. -3.] [-2. -2. -2. -2. -2. -2. -2. -2. -2. -2. -2. -2. -2. -2. -2. -2. -2. -2.
 -2. -2.] [-2. -2. -2. -2. -2. -2. -2. -2. -2. -2. -2. -2. -2. -2. -2. -2. -2. -2.
 -2. -2.] [-1. -1. -1. -1. -1. -1. -1. -1. -1. -1. -1. -1. -1. -1. -1. -1. -1. -1.
 -1. -1.] [-1. -1. -1. -1. -1. -1. -1. -1. -1. -1. -1. -1. -1. -1. -1. -1. -1. -1.
 -1. -1.] [0. 0. 0. 0. 0. 0. 0. 0. 0. 0. 0. 0. 0. 0. 0. 0. 0. 0. 0. 0.] [0. 0. 0. 0. 0. 0. 0. 0. 0. 0. 0. 0. 0. 0. 0. 0. 0. 0. 0. 0.] [1. 1. 1. 1. 1. 1. 1. 1. 1. 1. 1. 1. 1. 1. 1. 1. 1. 1. 1. 1.] [1. 1. 1. 1. 1. 1. 1. 1. 1. 1. 1. 1. 1. 1. 1. 1. 1. 1. 1. 1.] [2. 2. 2. 2. 2. 2. 2. 2. 2. 2. 2. 2. 2. 2. 2. 2. 2. 2. 2. 2.] [2. 2. 2. 2. 2. 2. 2. 2. 2. 2. 2. 2. 2. 2. 2. 2. 2. 2. 2. 2.] [3. 3. 3. 3. 3. 3. 3. 3. 3. 3. 3. 3. 3. 3. 3. 3. 3. 3. 3. 3.] [3. 3. 3. 3. 3. 3. 3. 3. 3. 3. 3. 3. 3. 3. 3. 3. 3. 3. 3. 3.] [4. 4. 4. 4. 4. 4. 4. 4. 4. 4. 4. 4. 4. 4. 4. 4. 4. 4. 4. 4.] [4. 4. 4. 4. 4. 4. 4. 4. 4. 4. 4. 4. 4. 4. 4. 4. 4. 4. 4. 4.] [5. 5. 5. 5. 5. 5. 5. 5. 5. 5. 5. 5. 5. 5. 5. 5. 5. 5. 5. 5.] [5. 5. 5. 5. 5. 5. 5. 5. 5. 5. 5. 5. 5. 5. 5. 5. 5. 5. 5. 5.] [5. 5. 5. 5. 5. 5. 5. 5. 5. 5. 5. 5. 5. 5. 5. 5. 5. 5. 5. 5.] Cost [1396.62689672 1396.62689672 1396.62759393 1396.67600598 1396.62809983
 1396.59591213 1398.51935764 1398.84195643 1401.53948928 1405.91534125
 1407.17602169 1405.67806872 1407.49297762 1412.53916571 1502.43092449
 1595.90949646 1674.10260982 1710.29444213 1710.32926417 1710.32926417] [1396.62689672 1396.62689672 1396.62759393 1396.67600598 1396.62809983
 1396.59591213 1398.51935764 1398.84195643 1401.53948928 1405.91534125
 1407.17602169 1405.67806872 1407.49297762 1412.53916571 1502.43092449
 1595.90949646 1674.10260982 1710.29444213 1710.32926417 1710.32926417] [1396.54849034 1396.54849034 1396.54918754 1396.59759959 1396.54969345
 1396.51750575 1398.44095125 1397.98713173 1400.68466458 1405.06051655
 1406.32119699 1405.60211477 1407.49543006 1412.54161815 1502.43092449
 1595.90949646 1674.10260982 1710.29444213 1710.32926417 1710.32926417] [1396.53222121 1396.53222121 1396.53291841 1396.58133046 1396.53342431
 1396.50123662 1398.42468212 1397.9708626  1400.66839545 1405.04424742
 1406.30492786 1405.58584564 1407.49543006 1412.54161815 1502.43092449
 1595.90949646 1674.10260982 1710.29444213 1710.32926417 1710.32926417] [1389.4720913  1389.4720913  1389.47278851 1389.48292491 1389.43537822
 1389.40319052 1391.59311588 1391.14244415 1393.82240189 1398.14086829
 1399.46259643 1398.76081027 1400.96084937 1406.3953065  1496.3019631
 1589.78329359 1668.26528605 1708.48465164 1708.51947368 1708.51947368] [1386.6893477  1386.6893477  1386.6900449  1386.70027298 1386.65296533
 1386.61073479 1388.79604003 1387.78083705 1390.45200364 1394.74513549
 1396.38290697 1395.92675491 1398.63937851 1404.07111612 1493.97885205
 1587.68267982 1666.23031664 1706.4753208  1706.51014284 1706.51014284] [1380.26726516 1380.26726516 1380.26760456 1380.28159089 1380.16823077
 1380.12659183 1382.29538339 1382.36391372 1385.07603442 1389.25558185
 1390.72599445 1390.37007609 1393.55266191 1399.26048241 1489.21634353
 1582.98121969 1661.66954948 1702.20955717 1702.24604052 1702.24604052] [1374.77831258 1374.77831258 1374.77865199 1374.79303526 1374.686299
 1374.64998357 1376.17414046 1376.8444704  1379.33149627 1383.47886647
 1385.23315378 1385.92789609 1389.09063553 1395.15353209 1485.15307432
 1579.65789101 1658.34771115 1698.96510528 1699.00158863 1699.00158863] [1361.7985397  1361.7985397  1361.7988791  1361.90321454 1361.80272007
 1361.73953038 1365.78089721 1368.55685059 1371.01419698 1376.46441107
 1378.19841465 1378.62329179 1382.81308047 1389.36634612 1478.6685993
 1573.23263681 1650.66718717 1691.26145332 1691.29793666 1691.29793666] [1367.59194404 1367.59194404 1367.59228344 1367.69688989 1367.65278903
 1367.60073747 1371.71953059 1374.45852422 1376.93484759 1381.47324568
 1383.09393276 1383.53248722 1387.90684751 1394.80798755 1484.10947572
 1578.85829046 1656.23927252 1696.20878859 1696.24527194 1696.24527194] [1375.71622132 1375.71622132 1375.71656073 1375.82123298 1375.77645862
 1375.72451713 1379.82216189 1382.5047825  1382.80595013 1387.17756466
 1388.86723729 1389.35912234 1394.14138005 1402.20585987 1492.22300071
 1587.02646504 1699.65988374 1739.79457412 1739.83105747 1739.83105747] [1376.57810921 1376.57810921 1376.57844862 1376.68272517 1376.6372757
 1376.58308469 1380.77961176 1383.45346275 1384.21280112 1388.57151438
 1391.62453624 1392.11888006 1396.53757811 1433.8059024  1523.40670004
 1618.40072419 1720.54796128 1760.79024812 1760.82673146 1760.82673146] [1381.63928178 1381.63928178 1381.63962119 1381.765575   1381.72012553
 1381.66285623 1385.88141619 1388.55390261 1389.34328081 1393.7271695
 1396.77529215 1397.28669044 1402.02291906 1439.15443135 1529.2245811
 1624.20110988 1725.92638957 1766.23532065 1766.27180399 1766.27180399] [1382.53682069 1382.53682069 1382.53716009 1382.6631139  1382.61766443
 1382.56039513 1386.77894336 1390.24841967 1391.03851163 1395.41951223
 1398.4603722  1398.97738168 1403.68084092 1440.84361665 1530.92705772
 1625.58378168 1727.30889075 1766.47903566 1766.51551901 1766.51551901] [1380.14812335 1380.14812335 1380.14846275 1380.27441656 1380.2289671
 1380.17169779 1384.39024602 1387.85972233 1388.64994264 1393.0309363
 1396.07179628 1396.59935534 1401.30013818 1438.46372898 1528.55822248
 1623.21562505 1726.62993969 1765.79427068 1765.83075403 1765.83075403] [1381.35020895 1381.35020895 1381.35054835 1381.47650216 1381.43105269
 1381.37378339 1385.59190583 1389.06138214 1389.85160244 1394.23259611
 1397.27347497 1397.79781948 1401.89919619 1439.06278699 1529.11658238
 1623.77398496 1727.14827838 1766.31260937 1766.34909272 1766.34909272] [1381.98218742 1381.98218742 1381.98252682 1382.10848064 1382.06303117
 1382.00576186 1386.2238843  1389.68226309 1390.4724834  1394.85347706
 1397.89435592 1398.41870044 1402.53117466 1439.68876266 1529.17620963
 1623.8336122  1727.20790562 1766.37223662 1766.40871996 1766.40871996] [1395.12386282 1395.12386282 1395.12420223 1395.25015604 1395.20470657
 1395.14743727 1399.3655597  1402.8239385  1403.61996436 1408.00498032
 1411.04585918 1411.85413653 1415.96661076 1453.12419875 1541.31634847
 1635.97375105 1732.16301611 1771.3273471  1771.36383045 1771.36383045] [1394.96167651 1394.96167651 1394.96201591 1395.08796973 1395.04252026
 1394.98525095 1399.20337339 1402.66175218 1403.45777805 1407.84279401
 1410.88367287 1411.69195022 1415.80442444 1452.63603274 1540.82818246
 1635.48558503 1731.66141562 1770.82574661 1770.86222996 1770.86222996] [1394.96167651 1394.96167651 1394.96201591 1395.08796973 1395.04252026
 1394.98525095 1399.20337339 1402.66175218 1403.45777805 1407.84279401
 1410.88367287 1411.69195022 1415.80442444 1452.63603274 1540.82818246
 1635.48558503 1731.66141562 1770.82574661 1770.86222996 1770.86222996]